 2.00000000e+01  6.17140105e+01 
 2.20138834e+01  6.17139813e+01 
 2.42305532e+01  6.17139459e+01 
 2.66704286e+01  6.17139029e+01 
 2.93559854e+01  6.17138510e+01 
 3.23119620e+01  6.17137880e+01 
 3.55655882e+01  6.17137117e+01 
 3.91468356e+01  6.17136193e+01 
 4.30886938e+01  6.17135073e+01 
 4.74274741e+01  6.17133716e+01 
 5.22031443e+01  6.17132073e+01 
 5.74596967e+01  6.17130081e+01 
 6.32455532e+01  6.17127669e+01 
 6.96140118e+01  6.17124747e+01 
 7.66237370e+01  6.17121207e+01 
 8.43393007e+01  6.17116918e+01 
 9.28317767e+01  6.17111723e+01 
 1.02179395e+02  6.17105430e+01 
 1.12468265e+02  6.17097806e+01 
 1.23793164e+02  6.17088572e+01 
 1.36258414e+02  6.17077388e+01 
 1.49978842e+02  6.17063841e+01 
 1.65080837e+02  6.17047435e+01 
 1.81703515e+02  6.17027566e+01 
 2.00000000e+02  6.17003507e+01 
 2.20138834e+02  6.16974376e+01 
 2.42305532e+02  6.16939110e+01 
 2.66704286e+02  6.16896422e+01 
 2.93559854e+02  6.16844761e+01 
 3.23119620e+02  6.16782254e+01 
 3.55655882e+02  6.16706646e+01 
 3.91468356e+02  6.16615220e+01 
 4.30886938e+02  6.16504713e+01 
 4.74274741e+02  6.16371206e+01 
 5.22031443e+02  6.16210006e+01 
 5.74596967e+02  6.16015506e+01 
 6.32455532e+02  6.15781025e+01 
 6.96140118e+02  6.15498631e+01 
 7.66237370e+02  6.15158944e+01 
 8.43393007e+02  6.14750931e+01 
 9.28317767e+02  6.14261694e+01 
 1.02179395e+03  6.13676259e+01 
 1.12468265e+03  6.12977401e+01 
 1.23793164e+03  6.12145510e+01 
 1.36258414e+03  6.11158542e+01 
 1.49978842e+03  6.09992094e+01 
 1.65080837e+03  6.08619635e+01 
 1.81703515e+03  6.07012952e+01 
 2.00000000e+03  6.05142826e+01 
 2.20138834e+03  6.02979969e+01 
 2.42305532e+03  6.00496186e+01 
 2.66704286e+03  5.97665719e+01 
 2.93559854e+03  5.94466659e+01 
 3.23119620e+03  5.90882284e+01 
 3.55655882e+03  5.86902168e+01 
 3.91468356e+03  5.82522914e+01 
 4.30886938e+03  5.77748392e+01 
 4.74274741e+03  5.72589466e+01 
 5.22031443e+03  5.67063232e+01 
 5.74596967e+03  5.61191895e+01 
 6.32455532e+03  5.55001415e+01 
 6.96140118e+03  5.48520098e+01 
 7.66237370e+03  5.41777260e+01 
 8.43393007e+03  5.34802081e+01 
 9.28317767e+03  5.27622681e+01 
 1.02179395e+04  5.20265465e+01 
 1.12468265e+04  5.12754685e+01 
 1.23793164e+04  5.05112228e+01 
 1.36258414e+04  4.97357544e+01 
 1.49978842e+04  4.89507708e+01 
 1.65080837e+04  4.81577551e+01 
 1.81703515e+04  4.73579845e+01 
 2.00000000e+04  4.65525507e+01 
