 2.00000000e+01 -1.22728623e-03 
 2.20138834e+01 -1.22730862e-03 
 2.42305532e+01 -1.22732710e-03 
 2.66704286e+01 -1.22734236e-03 
 2.93559854e+01 -1.22735495e-03 
 3.23119620e+01 -1.22736535e-03 
 3.55655882e+01 -1.22737393e-03 
 3.91468356e+01 -1.22738101e-03 
 4.30886938e+01 -1.22738685e-03 
 4.74274741e+01 -1.22739168e-03 
 5.22031443e+01 -1.22739566e-03 
 5.74596967e+01 -1.22739895e-03 
 6.32455532e+01 -1.22740166e-03 
 6.96140118e+01 -1.22740390e-03 
 7.66237370e+01 -1.22740575e-03 
 8.43393007e+01 -1.22740727e-03 
 9.28317767e+01 -1.22740853e-03 
 1.02179395e+02 -1.22740957e-03 
 1.12468265e+02 -1.22741043e-03 
 1.23793164e+02 -1.22741114e-03 
 1.36258414e+02 -1.22741172e-03 
 1.49978842e+02 -1.22741221e-03 
 1.65080837e+02 -1.22741261e-03 
 1.81703515e+02 -1.22741293e-03 
 2.00000000e+02 -1.22741321e-03 
 2.20138834e+02 -1.22741343e-03 
 2.42305532e+02 -1.22741362e-03 
 2.66704286e+02 -1.22741377e-03 
 2.93559854e+02 -1.22741390e-03 
 3.23119620e+02 -1.22741400e-03 
 3.55655882e+02 -1.22741409e-03 
 3.91468356e+02 -1.22741416e-03 
 4.30886938e+02 -1.22741422e-03 
 4.74274741e+02 -1.22741427e-03 
 5.22031443e+02 -1.22741431e-03 
 5.74596967e+02 -1.22741434e-03 
 6.32455532e+02 -1.22741437e-03 
 6.96140118e+02 -1.22741440e-03 
 7.66237370e+02 -1.22741442e-03 
 8.43393007e+02 -1.22741444e-03 
 9.28317767e+02 -1.22741446e-03 
 1.02179395e+03 -1.22741447e-03 
 1.12468265e+03 -1.22741449e-03 
 1.23793164e+03 -1.22741450e-03 
 1.36258414e+03 -1.22741452e-03 
 1.49978842e+03 -1.22741454e-03 
 1.65080837e+03 -1.22741456e-03 
 1.81703515e+03 -1.22741458e-03 
 2.00000000e+03 -1.22741460e-03 
 2.20138834e+03 -1.22741463e-03 
 2.42305532e+03 -1.22741466e-03 
 2.66704286e+03 -1.22741470e-03 
 2.93559854e+03 -1.22741475e-03 
 3.23119620e+03 -1.22741480e-03 
 3.55655882e+03 -1.22741487e-03 
 3.91468356e+03 -1.22741495e-03 
 4.30886938e+03 -1.22741504e-03 
 4.74274741e+03 -1.22741515e-03 
 5.22031443e+03 -1.22741527e-03 
 5.74596967e+03 -1.22741542e-03 
 6.32455532e+03 -1.22741559e-03 
 6.96140118e+03 -1.22741579e-03 
 7.66237370e+03 -1.22741601e-03 
 8.43393007e+03 -1.22741627e-03 
 9.28317767e+03 -1.22741655e-03 
 1.02179395e+04 -1.22741686e-03 
 1.12468265e+04 -1.22741719e-03 
 1.23793164e+04 -1.22741755e-03 
 1.36258414e+04 -1.22741792e-03 
 1.49978842e+04 -1.22741831e-03 
 1.65080837e+04 -1.22741869e-03 
 1.81703515e+04 -1.22741908e-03 
 2.00000000e+04 -1.22741946e-03 
