 2.00000000e+01  1.99941545e+01 
 2.20138834e+01  1.99941545e+01 
 2.42305532e+01  1.99941545e+01 
 2.66704286e+01  1.99941545e+01 
 2.93559854e+01  1.99941545e+01 
 3.23119620e+01  1.99941545e+01 
 3.55655882e+01  1.99941545e+01 
 3.91468356e+01  1.99941545e+01 
 4.30886938e+01  1.99941545e+01 
 4.74274741e+01  1.99941545e+01 
 5.22031443e+01  1.99941545e+01 
 5.74596967e+01  1.99941545e+01 
 6.32455532e+01  1.99941545e+01 
 6.96140118e+01  1.99941545e+01 
 7.66237370e+01  1.99941545e+01 
 8.43393007e+01  1.99941545e+01 
 9.28317767e+01  1.99941545e+01 
 1.02179395e+02  1.99941545e+01 
 1.12468265e+02  1.99941545e+01 
 1.23793164e+02  1.99941545e+01 
 1.36258414e+02  1.99941545e+01 
 1.49978842e+02  1.99941545e+01 
 1.65080837e+02  1.99941545e+01 
 1.81703515e+02  1.99941545e+01 
 2.00000000e+02  1.99941545e+01 
 2.20138834e+02  1.99941545e+01 
 2.42305532e+02  1.99941545e+01 
 2.66704286e+02  1.99941545e+01 
 2.93559854e+02  1.99941545e+01 
 3.23119620e+02  1.99941545e+01 
 3.55655882e+02  1.99941545e+01 
 3.91468356e+02  1.99941545e+01 
 4.30886938e+02  1.99941545e+01 
 4.74274741e+02  1.99941545e+01 
 5.22031443e+02  1.99941545e+01 
 5.74596967e+02  1.99941545e+01 
 6.32455532e+02  1.99941545e+01 
 6.96140118e+02  1.99941545e+01 
 7.66237370e+02  1.99941545e+01 
 8.43393007e+02  1.99941545e+01 
 9.28317767e+02  1.99941545e+01 
 1.02179395e+03  1.99941545e+01 
 1.12468265e+03  1.99941545e+01 
 1.23793164e+03  1.99941545e+01 
 1.36258414e+03  1.99941545e+01 
 1.49978842e+03  1.99941545e+01 
 1.65080837e+03  1.99941545e+01 
 1.81703515e+03  1.99941545e+01 
 2.00000000e+03  1.99941545e+01 
 2.20138834e+03  1.99941545e+01 
 2.42305532e+03  1.99941545e+01 
 2.66704286e+03  1.99941545e+01 
 2.93559854e+03  1.99941545e+01 
 3.23119620e+03  1.99941545e+01 
 3.55655882e+03  1.99941545e+01 
 3.91468356e+03  1.99941545e+01 
 4.30886938e+03  1.99941545e+01 
 4.74274741e+03  1.99941545e+01 
 5.22031443e+03  1.99941545e+01 
 5.74596967e+03  1.99941545e+01 
 6.32455532e+03  1.99941545e+01 
 6.96140118e+03  1.99941545e+01 
 7.66237370e+03  1.99941545e+01 
 8.43393007e+03  1.99941545e+01 
 9.28317767e+03  1.99941545e+01 
 1.02179395e+04  1.99941545e+01 
 1.12468265e+04  1.99941545e+01 
 1.23793164e+04  1.99941545e+01 
 1.36258414e+04  1.99941545e+01 
 1.49978842e+04  1.99941545e+01 
 1.65080837e+04  1.99941545e+01 
 1.81703515e+04  1.99941545e+01 
 2.00000000e+04  1.99941545e+01 
