 2.00000000e+01  4.98452721e-01 
 2.20138834e+01  4.98452732e-01 
 2.42305532e+01  4.98452744e-01 
 2.66704286e+01  4.98452759e-01 
 2.93559854e+01  4.98452777e-01 
 3.23119620e+01  4.98452799e-01 
 3.55655882e+01  4.98452826e-01 
 3.91468356e+01  4.98452859e-01 
 4.30886938e+01  4.98452898e-01 
 4.74274741e+01  4.98452946e-01 
 5.22031443e+01  4.98453003e-01 
 5.74596967e+01  4.98453073e-01 
 6.32455532e+01  4.98453158e-01 
 6.96140118e+01  4.98453261e-01 
 7.66237370e+01  4.98453385e-01 
 8.43393007e+01  4.98453536e-01 
 9.28317767e+01  4.98453718e-01 
 1.02179395e+02  4.98453939e-01 
 1.12468265e+02  4.98454207e-01 
 1.23793164e+02  4.98454531e-01 
 1.36258414e+02  4.98454925e-01 
 1.49978842e+02  4.98455401e-01 
 1.65080837e+02  4.98455978e-01 
 1.81703515e+02  4.98456677e-01 
 2.00000000e+02  4.98457524e-01 
 2.20138834e+02  4.98458550e-01 
 2.42305532e+02  4.98459793e-01 
 2.66704286e+02  4.98461299e-01 
 2.93559854e+02  4.98463123e-01 
 3.23119620e+02  4.98465332e-01 
 3.55655882e+02  4.98468009e-01 
 3.91468356e+02  4.98471252e-01 
 4.30886938e+02  4.98475180e-01 
 4.74274741e+02  4.98479938e-01 
 5.22031443e+02  4.98485701e-01 
 5.74596967e+02  4.98492681e-01 
 6.32455532e+02  4.98501134e-01 
 6.96140118e+02  4.98511371e-01 
 7.66237370e+02  4.98523766e-01 
 8.43393007e+02  4.98538775e-01 
 9.28317767e+02  4.98556943e-01 
 1.02179395e+03  4.98578935e-01 
 1.12468265e+03  4.98605548e-01 
 1.23793164e+03  4.98637746e-01 
 1.36258414e+03  4.98676690e-01 
 1.49978842e+03  4.98723778e-01 
 1.65080837e+03  4.98780687e-01 
 1.81703515e+03  4.98849431e-01 
 2.00000000e+03  4.98932421e-01 
 2.20138834e+03  4.99032533e-01 
 2.42305532e+03  4.99153193e-01 
 2.66704286e+03  4.99298459e-01 
 2.93559854e+03  4.99473124e-01 
 3.23119620e+03  4.99682806e-01 
 3.55655882e+03  4.99934054e-01 
 3.91468356e+03  5.00234431e-01 
 4.30886938e+03  5.00592576e-01 
 4.74274741e+03  5.01018231e-01 
 5.22031443e+03  5.01522196e-01 
 5.74596967e+03  5.02116190e-01 
 6.32455532e+03  5.02812580e-01 
 6.96140118e+03  5.03623943e-01 
 7.66237370e+03  5.04562419e-01 
 8.43393007e+03  5.05638847e-01 
 9.28317767e+03  5.06861673e-01 
 1.02179395e+04  5.08235707e-01 
 1.12468265e+04  5.09760803e-01 
 1.23793164e+04  5.11430668e-01 
 1.36258414e+04  5.13231990e-01 
 1.49978842e+04  5.15144132e-01 
 1.65080837e+04  5.17139584e-01 
 1.81703515e+04  5.19185247e-01 
 2.00000000e+04  5.21244479e-01 
