 2.00000000e+01 -4.81464975e-01 
 2.20138834e+01 -4.81506223e-01 
 2.42305532e+01 -4.81556196e-01 
 2.66704286e+01 -4.81616739e-01 
 2.93559854e+01 -4.81690087e-01 
 3.23119620e+01 -4.81778949e-01 
 3.55655882e+01 -4.81886605e-01 
 3.91468356e+01 -4.82017030e-01 
 4.30886938e+01 -4.82175037e-01 
 4.74274741e+01 -4.82366461e-01 
 5.22031443e+01 -4.82598364e-01 
 5.74596967e+01 -4.82879305e-01 
 6.32455532e+01 -4.83219647e-01 
 6.96140118e+01 -4.83631947e-01 
 7.66237370e+01 -4.84131406e-01 
 8.43393007e+01 -4.84736438e-01 
 9.28317767e+01 -4.85469338e-01 
 1.02179395e+02 -4.86357101e-01 
 1.12468265e+02 -4.87432408e-01 
 1.23793164e+02 -4.88734815e-01 
 1.36258414e+02 -4.90312194e-01 
 1.49978842e+02 -4.92222466e-01 
 1.65080837e+02 -4.94535687e-01 
 1.81703515e+02 -4.97336570e-01 
 2.00000000e+02 -5.00727499e-01 
 2.20138834e+02 -5.04832160e-01 
 2.42305532e+02 -5.09799879e-01 
 2.66704286e+02 -5.15810806e-01 
 2.93559854e+02 -5.23082085e-01 
 3.23119620e+02 -5.31875163e-01 
 3.55655882e+02 -5.42504428e-01 
 3.91468356e+02 -5.55347327e-01 
 4.30886938e+02 -5.70856151e-01 
 4.74274741e+02 -5.89571636e-01 
 5.22031443e+02 -6.12138458e-01 
 5.74596967e+02 -6.39322638e-01 
 6.32455532e+02 -6.72030713e-01 
 6.96140118e+02 -7.11330293e-01 
 7.66237370e+02 -7.58471323e-01 
 8.43393007e+02 -8.14906937e-01 
 9.28317767e+02 -8.82312228e-01 
 1.02179395e+03 -9.62598597e-01 
 1.12468265e+03 -1.05792063e+00 
 1.23793164e+03 -1.17067174e+00 
 1.36258414e+03 -1.30346433e+00 
 1.49978842e+03 -1.45909023e+00 
 1.65080837e+03 -1.64045778e+00 
 1.81703515e+03 -1.85050374e+00 
 2.00000000e+03 -2.09208113e+00 
 2.20138834e+03 -2.36782803e+00 
 2.42305532e+03 -2.68002682e+00 
 2.66704286e+03 -3.03046743e+00 
 2.93559854e+03 -3.42033044e+00 
 3.23119620e+03 -3.85010541e+00 
 3.55655882e+03 -4.31955601e+00 
 3.91468356e+03 -4.82773719e+00 
 4.30886938e+03 -5.37306186e+00 
 4.74274741e+03 -5.95340735e+00 
 5.22031443e+03 -6.56624730e+00 
 5.74596967e+03 -7.20879285e+00 
 6.32455532e+03 -7.87812867e+00 
 6.96140118e+03 -8.57133278e+00 
 7.66237370e+03 -9.28557349e+00 
 8.43393007e+03 -1.00181813e+01 
 9.28317767e+03 -1.07666965e+01 
 1.02179395e+04 -1.15288959e+01 
 1.12468265e+04 -1.23028028e+01 
 1.23793164e+04 -1.30866838e+01 
 1.36258414e+04 -1.38790378e+01 
 1.49978842e+04 -1.46785793e+01 
 1.65080837e+04 -1.54842193e+01 
 1.81703515e+04 -1.62950454e+01 
 2.00000000e+04 -1.71103025e+01 
