 2.00000000e+01 -2.53608923e+00 
 2.07828032e+01 -2.69534619e+00 
 2.15962455e+01 -2.86966443e+00 
 2.24415261e+01 -3.06072935e+00 
 2.33198911e+01 -3.27047162e+00 
 2.42326354e+01 -3.50111601e+00 
 2.51811047e+01 -3.75524331e+00 
 2.61666972e+01 -4.03586979e+00 
 2.71908660e+01 -4.34655062e+00 
 2.82551209e+01 -4.69151664e+00 
 2.93610309e+01 -5.07585825e+00 
 3.05102264e+01 -5.50577777e+00 
 3.17044016e+01 -5.98894331e+00 
 3.29453170e+01 -6.53499803e+00 
 3.42348021e+01 -7.15631479e+00 
 3.55747578e+01 -7.86915433e+00 
 3.69671596e+01 -8.69551774e+00 
 3.84140602e+01 -9.66626320e+00 
 3.99175927e+01 -1.08266905e+01 
 4.14799738e+01 -1.22473906e+01 
 4.31035067e+01 -1.40477396e+01 
 4.47905849e+01 -1.64552741e+01 
 4.65436957e+01 -1.99970801e+01 
 4.83654235e+01 -2.64879575e+01 
 5.02584540e+01 -4.25046741e+01 
 5.22255781e+01 -2.38104662e+01 
 5.42696957e+01 -1.81703688e+01 
 5.63938204e+01 -1.46955243e+01 
 5.86010836e+01 -1.21671383e+01 
 6.08947396e+01 -1.01781634e+01 
 6.32781695e+01 -8.54286439e+00 
 6.57548874e+01 -7.16152518e+00 
 6.83285443e+01 -5.97507946e+00 
 7.10029346e+01 -4.94631746e+00 
 7.37820010e+01 -4.05095890e+00 
 7.66698405e+01 -3.27299324e+00 
 7.96707105e+01 -2.60208638e+00 
 8.27890350e+01 -2.03208522e+00 
 8.60294113e+01 -1.56015855e+00 
 8.93966164e+01 -1.18634564e+00 
 9.28956145e+01 -9.13402621e-01 
 9.65315639e+01 -7.46909065e-01 
 1.00309825e+02 -6.95653582e-01 
 1.04235968e+02 -7.72381371e-01 
 1.08315780e+02 -9.95084572e-01 
 1.12555278e+02 -1.38919852e+00 
 1.16960710e+02 -1.99145026e+00 
 1.21538571e+02 -2.85700106e+00 
 1.26295610e+02 -4.07387913e+00 
 1.31238841e+02 -5.79590718e+00 
 1.36375550e+02 -8.33272059e+00 
 1.41713311e+02 -1.24829595e+01 
 1.47259993e+02 -2.20079418e+01 
 1.53023773e+02 -2.11543273e+01 
 1.59013149e+02 -1.17710946e+01 
 1.65236949e+02 -7.42856558e+00 
 1.71704350e+02 -4.70512308e+00 
 1.78424886e+02 -2.86501917e+00 
 1.85408465e+02 -1.64172962e+00 
 1.92665383e+02 -9.27901224e-01 
 2.00206337e+02 -6.95424616e-01 
 2.08042446e+02 -9.75485907e-01 
 2.16185261e+02 -1.87010343e+00 
 2.24646787e+02 -3.61022062e+00 
 2.33439498e+02 -6.76621326e+00 
 2.42576358e+02 -1.34187881e+01 
 2.52070836e+02 -2.44354572e+01 
 2.61936930e+02 -9.41894097e+00 
 2.72189184e+02 -4.54464766e+00 
 2.82842712e+02 -2.02330811e+00 
 2.93913222e+02 -8.55022556e-01 
 3.05417033e+02 -8.21632672e-01 
 3.17371106e+02 -2.05847069e+00 
 3.29793062e+02 -5.23367470e+00 
 3.42701216e+02 -1.35634822e+01 
 3.56114597e+02 -1.50783727e+01 
 3.70052980e+02 -5.29100479e+00 
 3.84536914e+02 -1.76317410e+00 
 3.99587751e+02 -6.95970601e-01 
 4.15227681e+02 -1.72956102e+00 
 4.31479759e+02 -5.89503187e+00 
 4.48367947e+02 -2.65013667e+01 
 4.65917141e+02 -7.07999616e+00 
 4.84153214e+02 -1.81926618e+00 
 5.03103049e+02 -7.36580221e-01 
 5.22794584e+02 -3.14363360e+00 
 5.43256849e+02 -1.42400509e+01 
 5.64520010e+02 -7.81625249e+00 
 5.86615415e+02 -1.48687903e+00 
 6.09575638e+02 -1.09434151e+00 
 6.33434527e+02 -6.76384576e+00 
 6.58227257e+02 -1.25440700e+01 
 6.83990379e+02 -1.84356353e+00 
 7.10761873e+02 -1.20143049e+00 
 7.38581208e+02 -9.78694304e+00 
 7.67489396e+02 -6.33826356e+00 
 7.97529056e+02 -7.21438824e-01 
 8.28744472e+02 -4.85819798e+00 
 8.61181666e+02 -9.96149409e+00 
 8.94888456e+02 -8.07719129e-01 
 9.29914535e+02 -5.27885983e+00 
 9.66311541e+02 -6.88587712e+00 
 1.00413313e+03 -7.68670955e-01 
 1.04343506e+03 -1.44693012e+01 
 1.08427528e+03 -1.80124497e+00 
 1.12671399e+03 -4.19938837e+00 
 1.17081376e+03 -5.01326408e+00 
 1.21663960e+03 -1.94036980e+00 
 1.26425907e+03 -7.96288631e+00 
 1.31374238e+03 -1.53119724e+00 
 1.36516247e+03 -7.46784243e+00 
 1.41859515e+03 -2.27022896e+00 
 1.47411919e+03 -3.95266944e+00 
 1.53181646e+03 -6.03633350e+00 
 1.59177200e+03 -9.88715705e-01 
 1.65407422e+03 -1.85750915e+01 
 1.71881495e+03 -2.31018296e+00 
 1.78608965e+03 -1.55246161e+00 
 1.85599748e+03 -1.52443156e+01 
 1.92864153e+03 -4.82269527e+00 
 2.00412887e+03 -7.68519173e-01 
 2.08257080e+03 -2.06811713e+00 
 2.16408296e+03 -8.06360745e+00 
 2.24878552e+03 -2.90665117e+01 
 2.33680335e+03 -8.59323193e+00 
 2.42826621e+03 -4.69523507e+00 
 2.52330894e+03 -3.26778433e+00 
 2.62207166e+03 -2.97585420e+00 
 2.72469997e+03 -3.62443876e+00 
 2.83134517e+03 -5.83945549e+00 
 2.94216448e+03 -1.29587864e+01 
 3.05732128e+03 -1.35372290e+01 
 3.17698533e+03 -3.19626240e+00 
 3.30133305e+03 -7.02861197e-01 
 3.43054776e+03 -5.52037821e+00 
 3.56481995e+03 -7.65140927e+00 
 3.70434759e+03 -7.76513053e-01 
 3.84933635e+03 -3.43141019e+01 
 4.00000000e+03 -6.95242125e-01 
