 2.00000000e+01 -1.73717904e-09  2.00000000e+01  3.75462130e+01  2.00000000e+01  9.23516953e+01  2.00000000e+01 -5.66287749e+02  2.00000000e+01 -5.66326755e+02  2.00000000e+01 -5.66364648e+02 
 2.24403691e+01 -1.73717904e-09  2.24403691e+01  3.75461772e+01  2.24403691e+01  9.23336976e+01  2.24403691e+01 -5.66306628e+02  2.24403691e+01 -5.66346518e+02  2.24403691e+01 -5.66385305e+02 
 2.51785082e+01 -1.73717904e-09  2.51785082e+01  3.75461322e+01  2.51785082e+01  9.23111391e+01  2.51785082e+01 -5.66329916e+02  2.51785082e+01 -5.66370537e+02  2.51785082e+01 -5.66410066e+02 
 2.82507509e+01 -1.73717904e-09  2.82507509e+01  3.75460755e+01  2.82507509e+01  9.22828953e+01  2.82507509e+01 -5.66358759e+02  2.82507509e+01 -5.66399981e+02  2.82507509e+01 -5.66440120e+02 
 3.16978638e+01 -1.73717904e-09  3.16978638e+01  3.75460041e+01  3.16978638e+01  9.22475822e+01  3.16978638e+01 -5.66394561e+02  3.16978638e+01 -5.66436275e+02  3.16978638e+01 -5.66476911e+02 
 3.55655882e+01 -1.73717904e-09  3.55655882e+01  3.75459143e+01  3.55655882e+01  9.22035057e+01  3.55655882e+01 -5.66439034e+02  3.55655882e+01 -5.66481147e+02  3.55655882e+01 -5.66522187e+02 
 3.99052463e+01 -1.73717904e-09  3.99052463e+01  3.75458012e+01  3.99052463e+01  9.21486072e+01  3.99052463e+01 -5.66494253e+02  3.99052463e+01 -5.66536688e+02  3.99052463e+01 -5.66578056e+02 
 4.47744228e+01 -1.73717904e-09  4.47744228e+01  3.75456588e+01  4.47744228e+01  9.20804070e+01  4.47744228e+01 -5.66562712e+02  4.47744228e+01 -5.66605407e+02  4.47744228e+01 -5.66647038e+02 
 5.02377286e+01 -1.73717904e-09  5.02377286e+01  3.75454796e+01  5.02377286e+01  9.19959510e+01  5.02377286e+01 -5.66647376e+02  5.02377286e+01 -5.66690279e+02  5.02377286e+01 -5.66732122e+02 
 5.63676586e+01 -1.73717904e-09  5.63676586e+01  3.75452539e+01  5.63676586e+01  9.18917675e+01  5.63676586e+01 -5.66751726e+02  5.63676586e+01 -5.66794796e+02  5.63676586e+01 -5.66836808e+02 
 6.32455532e+01 -1.73717904e-09  6.32455532e+01  3.75449699e+01  6.32455532e+01  9.17638450e+01  6.32455532e+01 -5.66879781e+02  6.32455532e+01 -5.66922986e+02  6.32455532e+01 -5.66965134e+02 
 7.09626778e+01 -1.73717904e-09  7.09626778e+01  3.75446123e+01  7.09626778e+01  9.16076428e+01  7.09626778e+01 -5.67036090e+02  7.09626778e+01 -5.67079401e+02  7.09626778e+01 -5.67121657e+02 
 7.96214341e+01 -1.73717904e-09  7.96214341e+01  3.75441622e+01  7.96214341e+01  9.14181516e+01  7.96214341e+01 -5.67225666e+02  7.96214341e+01 -5.67269062e+02  7.96214341e+01 -5.67311405e+02 
 8.93367184e+01 -1.73717904e-09  8.93367184e+01  3.75435957e+01  8.93367184e+01  9.11900143e+01  8.93367184e+01 -5.67453871e+02  8.93367184e+01 -5.67497335e+02  8.93367184e+01 -5.67539747e+02 
 1.00237447e+02 -1.73717904e-09  1.00237447e+02  3.75428825e+01  1.00237447e+02  9.09177191e+01  1.00237447e+02 -5.67726220e+02  1.00237447e+02 -5.67769739e+02  1.00237447e+02 -5.67812206e+02 
 1.12468265e+02 -1.73717904e-09  1.12468265e+02  3.75419848e+01  1.12468265e+02  9.05958578e+01  1.12468265e+02 -5.68048124e+02  1.12468265e+02 -5.68091686e+02  1.12468265e+02 -5.68134197e+02 
 1.26191469e+02 -1.73717904e-09  1.26191469e+02  3.75408550e+01  1.26191469e+02  9.02194329e+01  1.26191469e+02 -5.68424583e+02  1.26191469e+02 -5.68468179e+02  1.26191469e+02 -5.68510725e+02 
 1.41589157e+02 -1.73717904e-09  1.41589157e+02  3.75394330e+01  1.41589157e+02  8.97841721e+01  1.41589157e+02 -5.68859871e+02  1.41589157e+02 -5.68903495e+02  1.41589157e+02 -5.68946068e+02 
 1.58865647e+02 -1.73717904e-09  1.58865647e+02  3.75376435e+01  1.58865647e+02  8.92867995e+01  1.58865647e+02 -5.69357265e+02  1.58865647e+02 -5.69400910e+02  1.58865647e+02 -5.69443506e+02 
 1.78250188e+02 -1.73717904e-09  1.78250188e+02  3.75353918e+01  1.78250188e+02  8.87252064e+01  1.78250188e+02 -5.69918876e+02  1.78250188e+02 -5.69962538e+02  1.78250188e+02 -5.70005151e+02 
 2.00000000e+02 -1.73717904e-09  2.00000000e+02  3.75325586e+01  2.00000000e+02  8.80984796e+01  2.00000000e+02 -5.70545616e+02  2.00000000e+02 -5.70589292e+02  2.00000000e+02 -5.70631919e+02 
 2.24403691e+02 -1.73717904e-09  2.24403691e+02  3.75289944e+01  2.24403691e+02  8.74067703e+01  2.24403691e+02 -5.71237336e+02  2.24403691e+02 -5.71281023e+02  2.24403691e+02 -5.71323661e+02 
 2.51785082e+02 -1.73717904e-09  2.51785082e+02  3.75245114e+01  2.51785082e+02  8.66510221e+01  2.51785082e+02 -5.71993093e+02  2.51785082e+02 -5.72036789e+02  2.51785082e+02 -5.72079435e+02 
 2.82507509e+02 -1.73717904e-09  2.82507509e+02  3.75188743e+01  2.82507509e+02  8.58326039e+01  2.82507509e+02 -5.72811518e+02  2.82507509e+02 -5.72855221e+02  2.82507509e+02 -5.72897874e+02 
 3.16978638e+02 -1.73717904e-09  3.16978638e+02  3.75117878e+01  3.16978638e+02  8.49529093e+01  3.16978638e+02 -5.73691218e+02  3.16978638e+02 -5.73734926e+02  3.16978638e+02 -5.73777585e+02 
 3.55655882e+02 -1.73717904e-09  3.55655882e+02  3.75028828e+01  3.55655882e+02  8.40129831e+01  3.55655882e+02 -5.74631149e+02  3.55655882e+02 -5.74674861e+02  3.55655882e+02 -5.74717525e+02 
 3.99052463e+02 -1.73717904e-09  3.99052463e+02  3.74916977e+01  3.99052463e+02  8.30132264e+01  3.99052463e+02 -5.75630909e+02  3.99052463e+02 -5.75674625e+02  3.99052463e+02 -5.75717292e+02 
 4.47744228e+02 -1.73717904e-09  4.47744228e+02  3.74776571e+01  4.47744228e+02  8.19532136e+01  4.47744228e+02 -5.76690924e+02  4.47744228e+02 -5.76734643e+02  4.47744228e+02 -5.76777313e+02 
 5.02377286e+02 -1.73717904e-09  5.02377286e+02  3.74600449e+01  5.02377286e+02  8.08316380e+01  5.02377286e+02 -5.77812502e+02  5.02377286e+02 -5.77856223e+02  5.02377286e+02 -5.77898895e+02 
 5.63676586e+02 -1.73717904e-09  5.63676586e+02  3.74379730e+01  5.63676586e+02  7.96463899e+01  5.63676586e+02 -5.78997752e+02  5.63676586e+02 -5.79041474e+02  5.63676586e+02 -5.79084148e+02 
 6.32455532e+02 -1.73717904e-09  6.32455532e+02  3.74103440e+01  6.32455532e+02  7.83947534e+01  6.32455532e+02 -5.80249390e+02  6.32455532e+02 -5.80293114e+02  6.32455532e+02 -5.80335789e+02 
 7.09626778e+02 -1.73717904e-09  7.09626778e+02  3.73758084e+01  7.09626778e+02  7.70736947e+01  7.09626778e+02 -5.81570450e+02  7.09626778e+02 -5.81614175e+02  7.09626778e+02 -5.81656851e+02 
 7.96214341e+02 -1.73717904e-09  7.96214341e+02  3.73327164e+01  7.96214341e+02  7.56801979e+01  7.96214341e+02 -5.82963947e+02  7.96214341e+02 -5.83007673e+02  7.96214341e+02 -5.83050350e+02 
 8.93367184e+02 -1.73717904e-09  8.93367184e+02  3.72790664e+01  8.93367184e+02  7.42115916e+01  8.93367184e+02 -5.84432554e+02  8.93367184e+02 -5.84476281e+02  8.93367184e+02 -5.84518959e+02 
 1.00237447e+03 -1.73717904e-09  1.00237447e+03  3.72124525e+01  1.00237447e+03  7.26658040e+01  1.00237447e+03 -5.85978342e+02  1.00237447e+03 -5.86022069e+02  1.00237447e+03 -5.86064748e+02 
 1.12468265e+03 -1.73717904e-09  1.12468265e+03  3.71300162e+01  1.12468265e+03  7.10414992e+01  1.12468265e+03 -5.87602648e+02  1.12468265e+03 -5.87646375e+02  1.12468265e+03 -5.87689054e+02 
 1.26191469e+03 -1.73717904e-09  1.26191469e+03  3.70284098e+01  1.26191469e+03  6.93380711e+01  1.26191469e+03 -5.89306076e+02  1.26191469e+03 -5.89349804e+02  1.26191469e+03 -5.89392483e+02 
 1.41589157e+03 -1.73717904e-09  1.41589157e+03  3.69037834e+01  1.41589157e+03  6.75555069e+01  1.41589157e+03 -5.91088641e+02  1.41589157e+03 -5.91132369e+02  1.41589157e+03 -5.91175048e+02 
 1.58865647e+03 -1.73717904e-09  1.58865647e+03  3.67518064e+01  1.58865647e+03  6.56941692e+01  1.58865647e+03 -5.92949979e+02  1.58865647e+03 -5.92993707e+02  1.58865647e+03 -5.93036387e+02 
 1.78250188e+03 -1.73717904e-09  1.78250188e+03  3.65677422e+01  1.78250188e+03  6.37545623e+01  1.78250188e+03 -5.94889586e+02  1.78250188e+03 -5.94933314e+02  1.78250188e+03 -5.94975994e+02 
 2.00000000e+03 -1.73717904e-09  2.00000000e+03  3.63465873e+01  2.00000000e+03  6.17371546e+01  2.00000000e+03 -5.96906993e+02  2.00000000e+03 -5.96950722e+02  2.00000000e+03 -5.96993402e+02 
 2.24403691e+03 -1.73717904e-09  2.24403691e+03  3.60832841e+01  2.24403691e+03  5.96423081e+01  2.24403691e+03 -5.99001840e+02  2.24403691e+03 -5.99045569e+02  2.24403691e+03 -5.99088249e+02 
 2.51785082e+03 -1.73717904e-09  2.51785082e+03  3.57730050e+01  2.51785082e+03  5.74703406e+01  2.51785082e+03 -6.01173808e+02  2.51785082e+03 -6.01217536e+02  2.51785082e+03 -6.01260217e+02 
 2.82507509e+03 -1.73717904e-09  2.82507509e+03  3.54114864e+01  2.82507509e+03  5.52217100e+01  2.82507509e+03 -6.03422438e+02  2.82507509e+03 -6.03466167e+02  2.82507509e+03 -6.03508847e+02 
 3.16978638e+03 -1.73717904e-09  3.16978638e+03  3.49953754e+01  3.16978638e+03  5.28972763e+01  3.16978638e+03 -6.05746872e+02  3.16978638e+03 -6.05790601e+02  3.16978638e+03 -6.05833281e+02 
 3.55655882e+03 -1.73717904e-09  3.55655882e+03  3.45225360e+01  3.55655882e+03  5.04985787e+01  3.55655882e+03 -6.08145570e+02  3.55655882e+03 -6.08189299e+02  3.55655882e+03 -6.08231979e+02 
 3.99052463e+03 -1.73717904e-09  3.99052463e+03  3.39922589e+01  3.99052463e+03  4.80280559e+01  3.99052463e+03 -6.10616093e+02  3.99052463e+03 -6.10659822e+02  3.99052463e+03 -6.10702502e+02 
 4.47744228e+03 -1.73717904e-09  4.47744228e+03  3.34053343e+01  4.47744228e+03  4.54891542e+01  4.47744228e+03 -6.13154994e+02  4.47744228e+03 -6.13198723e+02  4.47744228e+03 -6.13241404e+02 
 5.02377286e+03 -1.73717904e-09  5.02377286e+03  3.27639712e+01  5.02377286e+03  4.28862971e+01  5.02377286e+03 -6.15757851e+02  5.02377286e+03 -6.15801580e+02  5.02377286e+03 -6.15844261e+02 
 5.63676586e+03 -1.73717904e-09  5.63676586e+03  3.20715808e+01  5.63676586e+03  4.02247243e+01  5.63676586e+03 -6.18419424e+02  5.63676586e+03 -6.18463153e+02  5.63676586e+03 -6.18505834e+02 
 6.32455532e+03 -1.73717904e-09  6.32455532e+03  3.13324663e+01  6.32455532e+03  3.75102369e+01  6.32455532e+03 -6.21133912e+02  6.32455532e+03 -6.21177641e+02  6.32455532e+03 -6.21220321e+02 
 7.09626778e+03 -1.73717904e-09  7.09626778e+03  3.05514763e+01  7.09626778e+03  3.47489034e+01  7.09626778e+03 -6.23895245e+02  7.09626778e+03 -6.23938974e+02  7.09626778e+03 -6.23981655e+02 
 7.96214341e+03 -1.73717904e-09  7.96214341e+03  2.97336720e+01  7.96214341e+03  3.19467729e+01  7.96214341e+03 -6.26697376e+02  7.96214341e+03 -6.26741105e+02  7.96214341e+03 -6.26783785e+02 
 8.93367184e+03 -1.73717904e-09  8.93367184e+03  2.88840474e+01  8.93367184e+03  2.91096366e+01  8.93367184e+03 -6.29534512e+02  8.93367184e+03 -6.29578241e+02  8.93367184e+03 -6.29620922e+02 
 1.00237447e+04 -1.73717904e-09  1.00237447e+04  2.80073200e+01  1.00237447e+04  2.62428532e+01  1.00237447e+04 -6.32401295e+02  1.00237447e+04 -6.32445024e+02  1.00237447e+04 -6.32487705e+02 
 1.12468265e+04 -1.73717904e-09  1.12468265e+04  2.71077951e+01  1.12468265e+04  2.33512425e+01  1.12468265e+04 -6.35292906e+02  1.12468265e+04 -6.35336635e+02  1.12468265e+04 -6.35379316e+02 
 1.26191469e+04 -1.73717904e-09  1.26191469e+04  2.61892957e+01  1.26191469e+04  2.04390393e+01  1.26191469e+04 -6.38205109e+02  1.26191469e+04 -6.38248838e+02  1.26191469e+04 -6.38291519e+02 
 1.41589157e+04 -1.73717904e-09  1.41589157e+04  2.52551418e+01  1.41589157e+04  1.75098928e+01  1.41589157e+04 -6.41134256e+02  1.41589157e+04 -6.41177985e+02  1.41589157e+04 -6.41220665e+02 
 1.58865647e+04 -1.73717904e-09  1.58865647e+04  2.43081661e+01  1.58865647e+04  1.45668985e+01  1.58865647e+04 -6.44077250e+02  1.58865647e+04 -6.44120979e+02  1.58865647e+04 -6.44163660e+02 
 1.78250188e+04 -1.73717904e-09  1.78250188e+04  2.33507511e+01  1.78250188e+04  1.16126485e+01  1.78250188e+04 -6.47031500e+02  1.78250188e+04 -6.47075229e+02  1.78250188e+04 -6.47117910e+02 
 2.00000000e+04 -1.73717904e-09  2.00000000e+04  2.23848776e+01  2.00000000e+04  8.64929068e+00  2.00000000e+04 -6.49994858e+02  2.00000000e+04 -6.50038587e+02  2.00000000e+04 -6.50081268e+02 
