 5.00000000e+01  4.08870212e+01 
 5.69556124e+01  4.08867642e+01 
 6.48788357e+01  4.08864308e+01 
 7.39042764e+01  4.08859982e+01 
 8.41852664e+01  4.08854369e+01 
 9.58964681e+01  4.08847088e+01 
 1.09236841e+02  4.08837641e+01 
 1.24433024e+02  4.08825386e+01 
 1.41743182e+02  4.08809489e+01 
 1.61461394e+02  4.08788871e+01 
 1.83922652e+02  4.08762132e+01 
 2.09508545e+02  4.08727460e+01 
 2.38653750e+02  4.08682512e+01 
 2.71853410e+02  4.08624258e+01 
 3.09671549e+02  4.08548785e+01 
 3.52750654e+02  4.08451048e+01 
 4.01822590e+02  4.08324554e+01 
 4.57721034e+02  4.08160966e+01 
 5.21395636e+02  4.07949611e+01 
 5.93928156e+02  4.07676887e+01 
 6.76550836e+02  4.07325541e+01 
 7.70667344e+02  4.06873838e+01 
 8.77876611e+02  4.06294637e+01 
 1.00000000e+03  4.05554412e+01 
 1.13911225e+03  4.04612344e+01 
 1.29757671e+03  4.03419631e+01 
 1.47808553e+03  4.01919270e+01 
 1.68370533e+03  4.00046640e+01 
 1.91792936e+03  3.97731236e+01 
 2.18473683e+03  3.94899841e+01 
 2.48866048e+03  3.91481240e+01 
 2.83486363e+03  3.87412160e+01 
 3.22922788e+03  3.82643657e+01 
 3.67845303e+03  3.77146774e+01 
 4.19017091e+03  3.70916178e+01 
 4.77307500e+03  3.63970851e+01 
 5.43706819e+03  3.56351657e+01 
 6.19343097e+03  3.48116418e+01 
 7.05501308e+03  3.39333677e+01 
 8.03645181e+03  3.30076445e+01 
 9.15442069e+03  3.20416886e+01 
 1.04279127e+04  3.10422471e+01 
 1.18785631e+04  3.00153642e+01 
 1.35310167e+04  2.89662777e+01 
 1.54133469e+04  2.78994100e+01 
 1.75575322e+04  2.68184201e+01 
 2.00000000e+04  2.57262875e+01 
