 1.00000000e+02  0.00000000e+00  1.00000000e+02  1.99946306e+01  1.00000000e+02  1.99941545e+01 
 1.25892541e+02  0.00000000e+00  1.25892541e+02  1.99946306e+01  1.25892541e+02  1.99941545e+01 
 1.58489319e+02  0.00000000e+00  1.58489319e+02  1.99946306e+01  1.58489319e+02  1.99941545e+01 
 1.99526231e+02  0.00000000e+00  1.99526231e+02  1.99946306e+01  1.99526231e+02  1.99941545e+01 
 2.51188643e+02  0.00000000e+00  2.51188643e+02  1.99946306e+01  2.51188643e+02  1.99941545e+01 
 3.16227766e+02  0.00000000e+00  3.16227766e+02  1.99946306e+01  3.16227766e+02  1.99941545e+01 
 3.98107171e+02  0.00000000e+00  3.98107171e+02  1.99946306e+01  3.98107171e+02  1.99941545e+01 
 5.01187234e+02  0.00000000e+00  5.01187234e+02  1.99946306e+01  5.01187234e+02  1.99941545e+01 
 6.30957344e+02  0.00000000e+00  6.30957344e+02  1.99946306e+01  6.30957344e+02  1.99941545e+01 
 7.94328235e+02  0.00000000e+00  7.94328235e+02  1.99946306e+01  7.94328235e+02  1.99941545e+01 
 1.00000000e+03  0.00000000e+00  1.00000000e+03  1.99946306e+01  1.00000000e+03  1.99941545e+01 
 1.25892541e+03  0.00000000e+00  1.25892541e+03  1.99946306e+01  1.25892541e+03  1.99941545e+01 
 1.58489319e+03  0.00000000e+00  1.58489319e+03  1.99946306e+01  1.58489319e+03  1.99941545e+01 
 1.99526231e+03  0.00000000e+00  1.99526231e+03  1.99946306e+01  1.99526231e+03  1.99941545e+01 
 2.51188643e+03  0.00000000e+00  2.51188643e+03  1.99946306e+01  2.51188643e+03  1.99941545e+01 
 3.16227766e+03  0.00000000e+00  3.16227766e+03  1.99946306e+01  3.16227766e+03  1.99941545e+01 
 3.98107171e+03  0.00000000e+00  3.98107171e+03  1.99946306e+01  3.98107171e+03  1.99941545e+01 
 5.01187234e+03  0.00000000e+00  5.01187234e+03  1.99946306e+01  5.01187234e+03  1.99941545e+01 
 6.30957344e+03  0.00000000e+00  6.30957344e+03  1.99946306e+01  6.30957344e+03  1.99941545e+01 
 7.94328235e+03  0.00000000e+00  7.94328235e+03  1.99946306e+01  7.94328235e+03  1.99941545e+01 
 1.00000000e+04  0.00000000e+00  1.00000000e+04  1.99946306e+01  1.00000000e+04  1.99941545e+01 
