 5.00000000e+01  6.19825730e+01 
 6.06607008e+01  6.19821656e+01 
 7.35944125e+01  6.19815658e+01 
 8.92857727e+01  6.19806833e+01 
 1.08322751e+02  6.19793846e+01 
 1.31418680e+02  6.19774737e+01 
 1.59438984e+02  6.19746627e+01 
 1.93433610e+02  6.19705285e+01 
 2.34676367e+02  6.19644506e+01 
 2.84712658e+02  6.19555201e+01 
 3.45417387e+02  6.19424086e+01 
 4.19065216e+02  6.19231817e+01 
 5.08415794e+02  6.18950358e+01 
 6.16817167e+02  6.18539372e+01 
 7.48331232e+02  6.17941435e+01 
 9.07885940e+02  6.17076049e+01 
 1.10145995e+03  6.15832869e+01 
 1.33630665e+03  6.14065444e+01 
 1.62122595e+03  6.11588230e+01 
 1.96689405e+03  6.08181285e+01 
 2.38626343e+03  6.03607788e+01 
 2.89504824e+03  5.97646897e+01 
 3.51231310e+03  5.90137032e+01 
 4.26118749e+03  5.81015023e+01 
 5.16973239e+03  5.70333098e+01 
 6.27199179e+03  5.58244770e+01 
 7.60926835e+03  5.44967096e+01 
 9.23167102e+03  5.30737021e+01 
 1.11999927e+04  5.15777137e+01 
 1.35879881e+04  5.00276704e+01 
 1.64851376e+04  4.84385922e+01 
 2.00000000e+04  4.68218393e+01 
