 2.00000000e+01  3.51607420e+00 
 2.11850745e+01  3.51559876e+00 
 2.24403691e+01  3.51506536e+00 
 2.37700445e+01  3.51446694e+00 
 2.51785082e+01  3.51379559e+00 
 2.66704286e+01  3.51304243e+00 
 2.82507509e+01  3.51219751e+00 
 2.99247131e+01  3.51124967e+00 
 3.16978638e+01  3.51018639e+00 
 3.35760804e+01  3.50899364e+00 
 3.55655882e+01  3.50765570e+00 
 3.76729818e+01  3.50615495e+00 
 3.99052463e+01  3.50447161e+00 
 4.22697808e+01  3.50258357e+00 
 4.47744228e+01  3.50046602e+00 
 4.74274741e+01  3.49809116e+00 
 5.02377286e+01  3.49542790e+00 
 5.32145012e+01  3.49244139e+00 
 5.63676586e+01  3.48909263e+00 
 5.97076524e+01  3.48533798e+00 
 6.32455532e+01  3.48112859e+00 
 6.69930878e+01  3.47640988e+00 
 7.09626778e+01  3.47112077e+00 
 7.51674809e+01  3.46519306e+00 
 7.96214341e+01  3.45855056e+00 
 8.43393007e+01  3.45110821e+00 
 8.93367184e+01  3.44277114e+00 
 9.46302518e+01  3.43343357e+00 
 1.00237447e+02  3.42297769e+00 
 1.06176889e+02  3.41127237e+00 
 1.12468265e+02  3.39817181e+00 
 1.19132429e+02  3.38351409e+00 
 1.26191469e+02  3.36711958e+00 
 1.33668784e+02  3.34878929e+00 
 1.41589157e+02  3.32830310e+00 
 1.49978842e+02  3.30541796e+00 
 1.58865647e+02  3.27986598e+00 
 1.68279028e+02  3.25135253e+00 
 1.78250188e+02  3.21955432e+00 
 1.88812175e+02  3.18411751e+00 
 2.00000000e+02  3.14465600e+00 
 2.11850745e+02  3.10074977e+00 
 2.24403691e+02  3.05194357e+00 
 2.37700445e+02  2.99774592e+00 
 2.51785082e+02  2.93762846e+00 
 2.66704286e+02  2.87102599e+00 
 2.82507509e+02  2.79733702e+00 
 2.99247131e+02  2.71592520e+00 
 3.16978638e+02  2.62612159e+00 
 3.35760804e+02  2.52722784e+00 
 3.55655882e+02  2.41852046e+00 
 3.76729818e+02  2.29925611e+00 
 3.99052463e+02  2.16867785e+00 
 4.22697808e+02  2.02602233e+00 
 4.47744228e+02  1.87052766e+00 
 4.74274741e+02  1.70144174e+00 
 5.02377286e+02  1.51803068e+00 
 5.32145012e+02  1.31958686e+00 
 5.63676586e+02  1.10543623e+00 
 5.97076524e+02  8.74944103e-01 
 6.32455532e+02  6.27519206e-01 
 6.69930878e+02  3.62615144e-01 
 7.09626778e+02  7.97289952e-02 
 7.51674809e+02 -2.21603445e-01 
 7.96214341e+02 -5.41816072e-01 
 8.43393007e+02 -8.81324749e-01 
 8.93367184e+02 -1.24054356e+00 
 9.46302518e+02 -1.61990511e+00 
 1.00237447e+03 -2.01988480e+00 
 1.06176889e+03 -2.44102924e+00 
 1.12468265e+03 -2.88398852e+00 
 1.19132429e+03 -3.34955272e+00 
 1.26191469e+03 -3.83869234e+00 
 1.33668784e+03 -4.35260289e+00 
 1.41589157e+03 -4.89275292e+00 
 1.49978842e+03 -5.46093424e+00 
 1.58865647e+03 -6.05931110e+00 
 1.68279028e+03 -6.69046063e+00 
 1.78250188e+03 -7.35738922e+00 
 1.88812175e+03 -8.06349235e+00 
 2.00000000e+03 -8.81239285e+00 
 2.11850745e+03 -9.60752634e+00 
 2.24403691e+03 -1.04512117e+01 
 2.37700445e+03 -1.13426915e+01 
 2.51785082e+03 -1.22741755e+01 
 2.66704286e+03 -1.32232814e+01 
 2.82507509e+03 -1.41400799e+01 
 2.99247131e+03 -1.49301310e+01 
 3.16978638e+03 -1.54479319e+01 
 3.35760804e+03 -1.55348887e+01 
 3.55655882e+03 -1.51120456e+01 
 3.76729818e+03 -1.42408764e+01 
 3.99052463e+03 -1.30697438e+01 
 4.22697808e+03 -1.17390126e+01 
 4.47744228e+03 -1.03379867e+01 
 4.74274741e+03 -8.90911122e+00 
 5.02377286e+03 -7.46465321e+00 
 5.32145012e+03 -6.00006447e+00 
 5.63676586e+03 -4.50253952e+00 
 5.97076524e+03 -2.95773141e+00 
 6.32455532e+03 -1.35951123e+00 
 6.69930878e+03  2.68309089e-01 
 7.09626778e+03  1.82278522e+00 
 7.51674809e+03  3.04320911e+00 
 7.96214341e+03  3.52085217e+00 
 8.43393007e+03  3.02553063e+00 
 8.93367184e+03  1.79509120e+00 
 9.46302518e+03  2.37380467e-01 
 1.00237447e+04 -1.39049452e+00 
 1.06176889e+04 -2.98779625e+00 
 1.12468265e+04 -4.53163038e+00 
 1.19132429e+04 -6.02843057e+00 
 1.26191469e+04 -7.49259014e+00 
 1.33668784e+04 -8.93682579e+00 
 1.41589157e+04 -1.03654651e+01 
 1.49978842e+04 -1.17658178e+01 
 1.58865647e+04 -1.30947051e+01 
 1.68279028e+04 -1.42617894e+01 
 1.78250188e+04 -1.51258944e+01 
 1.88812175e+04 -1.55392702e+01 
 2.00000000e+04 -1.54429100e+01 
