 2.00000000e+01  5.00327458e-01 
 2.15955032e+01  5.00327461e-01 
 2.33182880e+01  5.00327464e-01 
 2.51785082e+01  5.00327468e-01 
 2.71871278e+01  5.00327473e-01 
 2.93559854e+01  5.00327478e-01 
 3.16978638e+01  5.00327484e-01 
 3.42265661e+01  5.00327491e-01 
 3.69569959e+01  5.00327499e-01 
 3.99052463e+01  5.00327508e-01 
 4.30886938e+01  5.00327519e-01 
 4.65261013e+01  5.00327532e-01 
 5.02377286e+01  5.00327547e-01 
 5.42454516e+01  5.00327565e-01 
 5.85728913e+01  5.00327585e-01 
 6.32455532e+01  5.00327609e-01 
 6.82909775e+01  5.00327637e-01 
 7.37389013e+01  5.00327670e-01 
 7.96214341e+01  5.00327707e-01 
 8.59732469e+01  5.00327752e-01 
 9.28317767e+01  5.00327803e-01 
 1.00237447e+02  5.00327863e-01 
 1.08233905e+02  5.00327933e-01 
 1.16868283e+02  5.00328014e-01 
 1.26191469e+02  5.00328109e-01 
 1.36258414e+02  5.00328220e-01 
 1.47128451e+02  5.00328349e-01 
 1.58865647e+02  5.00328500e-01 
 1.71539180e+02  5.00328676e-01 
 1.85223746e+02  5.00328880e-01 
 2.00000000e+02  5.00329119e-01 
 2.15955032e+02  5.00329397e-01 
 2.33182880e+02  5.00329722e-01 
 2.51785082e+02  5.00330100e-01 
 2.71871278e+02  5.00330541e-01 
 2.93559854e+02  5.00331056e-01 
 3.16978638e+02  5.00331655e-01 
 3.42265661e+02  5.00332354e-01 
 3.69569959e+02  5.00333169e-01 
 3.99052463e+02  5.00334119e-01 
 4.30886938e+02  5.00335227e-01 
 4.65261013e+02  5.00336518e-01 
 5.02377286e+02  5.00338024e-01 
 5.42454516e+02  5.00339779e-01 
 5.85728913e+02  5.00341825e-01 
 6.32455532e+02  5.00344211e-01 
 6.82909775e+02  5.00346992e-01 
 7.37389013e+02  5.00350234e-01 
 7.96214341e+02  5.00354013e-01 
 8.59732469e+02  5.00358418e-01 
 9.28317767e+02  5.00363553e-01 
 1.00237447e+03  5.00369539e-01 
 1.08233905e+03  5.00376515e-01 
 1.16868283e+03  5.00384647e-01 
 1.26191469e+03  5.00394123e-01 
 1.36258414e+03  5.00405166e-01 
 1.47128451e+03  5.00418034e-01 
 1.58865647e+03  5.00433027e-01 
 1.71539180e+03  5.00450495e-01 
 1.85223746e+03  5.00470842e-01 
 2.00000000e+03  5.00494540e-01 
 2.15955032e+03  5.00522137e-01 
 2.33182880e+03  5.00554268e-01 
 2.51785082e+03  5.00591667e-01 
 2.71871278e+03  5.00635188e-01 
 2.93559854e+03  5.00685817e-01 
 3.16978638e+03  5.00744692e-01 
 3.42265661e+03  5.00813128e-01 
 3.69569959e+03  5.00892637e-01 
 3.99052463e+03  5.00984959e-01 
 4.30886938e+03  5.01092085e-01 
 4.65261013e+03  5.01216294e-01 
 5.02377286e+03  5.01360180e-01 
 5.42454516e+03  5.01526686e-01 
 5.85728913e+03  5.01719134e-01 
 6.32455532e+03  5.01941258e-01 
 6.82909775e+03  5.02197218e-01 
 7.37389013e+03  5.02491624e-01 
 7.96214341e+03  5.02829527e-01 
 8.59732469e+03  5.03216402e-01 
 9.28317767e+03  5.03658108e-01 
 1.00237447e+04  5.04160800e-01 
 1.08233905e+04  5.04730818e-01 
 1.16868283e+04  5.05374511e-01 
 1.26191469e+04  5.06098018e-01 
 1.36258414e+04  5.06906979e-01 
 1.47128451e+04  5.07806199e-01 
 1.58865647e+04  5.08799255e-01 
 1.71539180e+04  5.09888076e-01 
 1.85223746e+04  5.11072514e-01 
 2.00000000e+04  5.12349961e-01 
