 2.00000000e+01 -1.22728623e-03 
 2.30956397e+01 -1.22731830e-03 
 2.66704286e+01 -1.22734236e-03 
 3.07985305e+01 -1.22736040e-03 
 3.55655882e+01 -1.22737393e-03 
 4.10705005e+01 -1.22738407e-03 
 4.74274741e+01 -1.22739168e-03 
 5.47683927e+01 -1.22739738e-03 
 6.32455532e+01 -1.22740166e-03 
 7.30348255e+01 -1.22740487e-03 
 8.43393007e+01 -1.22740727e-03 
 9.73935050e+01 -1.22740908e-03 
 1.12468265e+02 -1.22741043e-03 
 1.29876326e+02 -1.22741145e-03 
 1.49978842e+02 -1.22741221e-03 
 1.73192865e+02 -1.22741278e-03 
 2.00000000e+02 -1.22741321e-03 
 2.30956397e+02 -1.22741353e-03 
 2.66704286e+02 -1.22741377e-03 
 3.07985305e+02 -1.22741395e-03 
 3.55655882e+02 -1.22741409e-03 
 4.10705005e+02 -1.22741419e-03 
 4.74274741e+02 -1.22741427e-03 
 5.47683927e+02 -1.22741433e-03 
 6.32455532e+02 -1.22741437e-03 
 7.30348255e+02 -1.22741441e-03 
 8.43393007e+02 -1.22741444e-03 
 9.73935050e+02 -1.22741446e-03 
 1.12468265e+03 -1.22741449e-03 
 1.29876326e+03 -1.22741451e-03 
 1.49978842e+03 -1.22741454e-03 
 1.73192865e+03 -1.22741457e-03 
 2.00000000e+03 -1.22741460e-03 
 2.30956397e+03 -1.22741465e-03 
 2.66704286e+03 -1.22741470e-03 
 3.07985305e+03 -1.22741478e-03 
 3.55655882e+03 -1.22741487e-03 
 4.10705005e+03 -1.22741499e-03 
 4.74274741e+03 -1.22741515e-03 
 5.47683927e+03 -1.22741535e-03 
 6.32455532e+03 -1.22741559e-03 
 7.30348255e+03 -1.22741590e-03 
 8.43393007e+03 -1.22741627e-03 
 9.73935050e+03 -1.22741670e-03 
 1.12468265e+04 -1.22741719e-03 
 1.29876326e+04 -1.22741773e-03 
 1.49978842e+04 -1.22741831e-03 
 1.73192865e+04 -1.22741889e-03 
 2.00000000e+04 -1.22741946e-03 
