 2.00000000e+01  6.17140105e+01 
 2.30956397e+01  6.17139644e+01 
 2.66704286e+01  6.17139029e+01 
 3.07985305e+01  6.17138210e+01 
 3.55655882e+01  6.17137117e+01 
 4.10705005e+01  6.17135660e+01 
 4.74274741e+01  6.17133716e+01 
 5.47683927e+01  6.17131125e+01 
 6.32455532e+01  6.17127669e+01 
 7.30348255e+01  6.17123062e+01 
 8.43393007e+01  6.17116918e+01 
 9.73935050e+01  6.17108727e+01 
 1.12468265e+02  6.17097806e+01 
 1.29876326e+02  6.17083248e+01 
 1.49978842e+02  6.17063841e+01 
 1.73192865e+02  6.17037975e+01 
 2.00000000e+02  6.17003507e+01 
 2.30956397e+02  6.16957585e+01 
 2.66704286e+02  6.16896422e+01 
 3.07985305e+02  6.16814995e+01 
 3.55655882e+02  6.16706646e+01 
 4.10705005e+02  6.16562580e+01 
 4.74274741e+02  6.16371206e+01 
 5.47683927e+02  6.16117309e+01 
 6.32455532e+02  6.15781025e+01 
 7.30348255e+02  6.15336597e+01 
 8.43393007e+02  6.14750931e+01 
 9.73935050e+02  6.13982023e+01 
 1.12468265e+03  6.12977401e+01 
 1.29876326e+03  6.11672882e+01 
 1.49978842e+03  6.09992094e+01 
 1.73192865e+03  6.07847384e+01 
 2.00000000e+03  6.05142826e+01 
 2.30956397e+03  6.01779877e+01 
 2.66704286e+03  5.97665719e+01 
 3.07985305e+03  5.92723446e+01 
 3.55655882e+03  5.86902168e+01 
 4.10705005e+03  5.80184540e+01 
 4.74274741e+03  5.72589466e+01 
 5.47683927e+03  5.64169151e+01 
 6.32455532e+03  5.55001415e+01 
 7.30348255e+03  5.45179530e+01 
 8.43393007e+03  5.34802081e+01 
 9.73935050e+03  5.23964730e+01 
 1.12468265e+04  5.12754685e+01 
 1.29876326e+04  5.01247793e+01 
 1.49978842e+04  4.89507708e+01 
 1.73192865e+04  4.77586419e+01 
 2.00000000e+04  4.65525507e+01 
