 2.00000000e+01  4.98452721e-01 
 2.30956397e+01  4.98452737e-01 
 2.66704286e+01  4.98452759e-01 
 3.07985305e+01  4.98452788e-01 
 3.55655882e+01  4.98452826e-01 
 4.10705005e+01  4.98452877e-01 
 4.74274741e+01  4.98452946e-01 
 5.47683927e+01  4.98453037e-01 
 6.32455532e+01  4.98453158e-01 
 7.30348255e+01  4.98453320e-01 
 8.43393007e+01  4.98453536e-01 
 9.73935050e+01  4.98453823e-01 
 1.12468265e+02  4.98454207e-01 
 1.29876326e+02  4.98454719e-01 
 1.49978842e+02  4.98455401e-01 
 1.73192865e+02  4.98456311e-01 
 2.00000000e+02  4.98457524e-01 
 2.30956397e+02  4.98459141e-01 
 2.66704286e+02  4.98461299e-01 
 3.07985305e+02  4.98464175e-01 
 3.55655882e+02  4.98468009e-01 
 4.10705005e+02  4.98473122e-01 
 4.74274741e+02  4.98479938e-01 
 5.47683927e+02  4.98489024e-01 
 6.32455532e+02  4.98501134e-01 
 7.30348255e+02  4.98517272e-01 
 8.43393007e+02  4.98538775e-01 
 9.73935050e+02  4.98567415e-01 
 1.12468265e+03  4.98605548e-01 
 1.29876326e+03  4.98656294e-01 
 1.49978842e+03  4.98723778e-01 
 1.73192865e+03  4.98813439e-01 
 2.00000000e+03  4.98932421e-01 
 2.30956397e+03  4.99090057e-01 
 2.66704286e+03  4.99298459e-01 
 3.07985305e+03  4.99573201e-01 
 3.55655882e+03  4.99934054e-01 
 4.10705005e+03  5.00405699e-01 
 4.74274741e+03  5.01018231e-01 
 5.47683927e+03  5.01807178e-01 
 6.32455532e+03  5.02812580e-01 
 7.30348255e+03  5.04076572e-01 
 8.43393007e+03  5.05638847e-01 
 9.73935050e+03  5.07529667e-01 
 1.12468265e+04  5.09760803e-01 
 1.29876326e+04  5.12316016e-01 
 1.49978842e+04  5.15144132e-01 
 1.73192865e+04  5.18158374e-01 
 2.00000000e+04  5.21244479e-01 
