 2.00000000e+01 -4.81464975e-01 
 2.30956397e+01 -4.81530012e-01 
 2.66704286e+01 -4.81616739e-01 
 3.07985305e+01 -4.81732388e-01 
 3.55655882e+01 -4.81886605e-01 
 4.10705005e+01 -4.82092247e-01 
 4.74274741e+01 -4.82366461e-01 
 5.47683927e+01 -4.82732103e-01 
 6.32455532e+01 -4.83219647e-01 
 7.30348255e+01 -4.83869713e-01 
 8.43393007e+01 -4.84736438e-01 
 9.73935050e+01 -4.85891966e-01 
 1.12468265e+02 -4.87432408e-01 
 1.29876326e+02 -4.89485771e-01 
 1.49978842e+02 -4.92222466e-01 
 1.73192865e+02 -4.95869225e-01 
 2.00000000e+02 -5.00727499e-01 
 2.30956397e+02 -5.07197667e-01 
 2.66704286e+02 -5.15810806e-01 
 3.07985305e+02 -5.27270101e-01 
 3.55655882e+02 -5.42504428e-01 
 4.10705005e+02 -5.62736947e-01 
 4.74274741e+02 -5.89571636e-01 
 5.47683927e+02 -6.25100248e-01 
 6.32455532e+02 -6.72030713e-01 
 7.30348255e+02 -7.33834803e-01 
 8.43393007e+02 -8.14906937e-01 
 9.73935050e+02 -9.20716330e-01 
 1.12468265e+03 -1.05792063e+00 
 1.29876326e+03 -1.23439195e+00 
 1.49978842e+03 -1.45909023e+00 
 1.73192865e+03 -1.74171422e+00 
 2.00000000e+03 -2.09208113e+00 
 2.30956397e+03 -2.51924602e+00 
 2.66704286e+03 -3.03046743e+00 
 3.07985305e+03 -3.63022663e+00 
 3.55655882e+03 -4.31955601e+00 
 4.10705005e+03 -5.09587816e+00 
 4.74274741e+03 -5.95340735e+00 
 5.47683927e+03 -6.88398762e+00 
 6.32455532e+03 -7.87812867e+00 
 7.30348255e+03 -8.92599488e+00 
 8.43393007e+03 -1.00181813e+01 
 9.73935050e+03 -1.11462150e+01 
 1.12468265e+04 -1.23028028e+01 
 1.29876326e+04 -1.34818868e+01 
 1.49978842e+04 -1.46785793e+01 
 1.73192865e+04 -1.58890347e+01 
 2.00000000e+04 -1.71103025e+01 
