 2.00000000e+01 -1.73717904e-09 
 2.30956397e+01 -1.73717904e-09 
 2.66704286e+01 -1.73717904e-09 
 3.07985305e+01 -1.73717904e-09 
 3.55655882e+01 -1.73717904e-09 
 4.10705005e+01 -1.73717904e-09 
 4.74274741e+01 -1.73717904e-09 
 5.47683927e+01 -1.73717904e-09 
 6.32455532e+01 -1.73717904e-09 
 7.30348255e+01 -1.73717904e-09 
 8.43393007e+01 -1.73717904e-09 
 9.73935050e+01 -1.73717904e-09 
 1.12468265e+02 -1.73717904e-09 
 1.29876326e+02 -1.73717904e-09 
 1.49978842e+02 -1.73717904e-09 
 1.73192865e+02 -1.73717904e-09 
 2.00000000e+02 -1.73717904e-09 
 2.30956397e+02 -1.73717904e-09 
 2.66704286e+02 -1.73717904e-09 
 3.07985305e+02 -1.73717904e-09 
 3.55655882e+02 -1.73717904e-09 
 4.10705005e+02 -1.73717904e-09 
 4.74274741e+02 -1.73717904e-09 
 5.47683927e+02 -1.73717904e-09 
 6.32455532e+02 -1.73717904e-09 
 7.30348255e+02 -1.73717904e-09 
 8.43393007e+02 -1.73717904e-09 
 9.73935050e+02 -1.73717904e-09 
 1.12468265e+03 -1.73717904e-09 
 1.29876326e+03 -1.73717904e-09 
 1.49978842e+03 -1.73717904e-09 
 1.73192865e+03 -1.73717904e-09 
 2.00000000e+03 -1.73717904e-09 
 2.30956397e+03 -1.73717904e-09 
 2.66704286e+03 -1.73717904e-09 
 3.07985305e+03 -1.73717904e-09 
 3.55655882e+03 -1.73717904e-09 
 4.10705005e+03 -1.73717904e-09 
 4.74274741e+03 -1.73717904e-09 
 5.47683927e+03 -1.73717904e-09 
 6.32455532e+03 -1.73717904e-09 
 7.30348255e+03 -1.73717904e-09 
 8.43393007e+03 -1.73717904e-09 
 9.73935050e+03 -1.73717904e-09 
 1.12468265e+04 -1.73717904e-09 
 1.29876326e+04 -1.73717904e-09 
 1.49978842e+04 -1.73717904e-09 
 1.73192865e+04 -1.73717904e-09 
 2.00000000e+04 -1.73717904e-09 
