 2.00000000e+01 -1.56129674e-02 
 2.15955032e+01 -1.56060319e-02 
 2.33182880e+01 -1.55979457e-02 
 2.51785082e+01 -1.55885179e-02 
 2.71871278e+01 -1.55775259e-02 
 2.93559854e+01 -1.55647101e-02 
 3.16978638e+01 -1.55497679e-02 
 3.42265661e+01 -1.55323466e-02 
 3.69569959e+01 -1.55120349e-02 
 3.99052463e+01 -1.54883530e-02 
 4.30886938e+01 -1.54607419e-02 
 4.65261013e+01 -1.54285497e-02 
 5.02377286e+01 -1.53910161e-02 
 5.42454516e+01 -1.53472549e-02 
 5.85728913e+01 -1.52962329e-02 
 6.32455532e+01 -1.52367452e-02 
 6.82909775e+01 -1.51673871e-02 
 7.37389013e+01 -1.50865209e-02 
 7.96214341e+01 -1.49922368e-02 
 8.59732469e+01 -1.48823084e-02 
 9.28317767e+01 -1.47541395e-02 
 1.00237447e+02 -1.46047033e-02 
 1.08233905e+02 -1.44304702e-02 
 1.16868283e+02 -1.42273249e-02 
 1.26191469e+02 -1.39904691e-02 
 1.36258414e+02 -1.37143073e-02 
 1.47128451e+02 -1.33923155e-02 
 1.58865647e+02 -1.30168858e-02 
 1.71539180e+02 -1.25791466e-02 
 1.85223746e+02 -1.20687528e-02 
 2.00000000e+02 -1.14736399e-02 
 2.15955032e+02 -1.07797386e-02 
 2.33182880e+02 -9.97063999e-03 
 2.51785082e+02 -9.02720654e-03 
 2.71871278e+02 -7.92711638e-03 
 2.93559854e+02 -6.64433207e-03 
 3.16978638e+02 -5.14847962e-03 
 3.42265661e+02 -3.40412315e-03 
 3.69569959e+02 -1.36991690e-03 
 3.99052463e+02  1.00238631e-03 
 4.30886938e+02  3.76909510e-03 
 4.65261013e+02  6.99593750e-03 
 5.02377286e+02  1.07596515e-02 
 5.42454516e+02  1.51498497e-02 
 5.85728913e+02  2.02712070e-02 
 6.32455532e+02  2.62460301e-02 
 6.82909775e+02  3.32172789e-02 
 7.37389013e+02  4.13521244e-02 
 7.96214341e+02  5.08461448e-02 
 8.59732469e+02  6.19282834e-02 
 9.28317767e+02  7.48667200e-02 
 1.00237447e+03  8.99758398e-02 
 1.08233905e+03  1.07624530e-01 
 1.16868283e+03  1.28246087e-01 
 1.26191469e+03  1.52350098e-01 
 1.36258414e+03  1.80536737e-01 
 1.47128451e+03  2.13514072e-01 
 1.58865647e+03  2.52119117e-01 
 1.71539180e+03  2.97343608e-01 
 1.85223746e+03  3.50365797e-01 
 2.00000000e+03  4.12589992e-01 
 2.15955032e+03  4.85696176e-01 
 2.33182880e+03  5.71702945e-01 
 2.51785082e+03  6.73048272e-01 
 2.71871278e+03  7.92694539e-01 
 2.93559854e+03  9.34267182e-01 
 3.16978638e+03  1.10224080e+00 
 3.42265661e+03  1.30219380e+00 
 3.69569959e+03  1.54116439e+00 
 3.99052463e+03  1.82816072e+00 
 4.30886938e+03  2.17491285e+00 
 4.65261013e+03  2.59701822e+00 
 5.02377286e+03  3.11575504e+00 
 5.42454516e+03  3.76108704e+00 
 5.85728913e+03  4.57692210e+00 
 6.32455532e+03  5.63094278e+00 
 6.82909775e+03  7.03448101e+00 
 7.37389013e+03  8.98616843e+00 
 7.96214341e+03  1.18683566e+01 
 8.59732469e+03  1.62137517e+01 
 9.28317767e+03  1.76584700e+01 
 1.00237447e+04  1.18551085e+01 
 1.08233905e+04  7.04646251e+00 
 1.16868283e+04  3.42044723e+00 
 1.26191469e+04  4.77769277e-01 
 1.36258414e+04 -2.04392590e+00 
 1.47128451e+04 -4.28624129e+00 
 1.58865647e+04 -6.33243354e+00 
 1.71539180e+04 -8.23511597e+00 
 1.85223746e+04 -1.00294662e+01 
 2.00000000e+04 -1.17400648e+01 
