 2.00000000e+01  5.51322386e-05  2.00000000e+01 -5.39746655e+01  2.00000000e+01 -1.07949386e+02 
 2.15955032e+01  6.08376934e-05  2.15955032e+01 -5.33080322e+01  2.15955032e+01 -1.06616125e+02 
 2.33182880e+01  6.74897700e-05  2.33182880e+01 -5.26413925e+01  2.33182880e+01 -1.05282852e+02 
 2.51785082e+01  7.52455282e-05  2.51785082e+01 -5.19747468e+01  2.51785082e+01 -1.03949569e+02 
 2.71871278e+01  8.42880868e-05  2.71871278e+01 -5.13080958e+01  2.71871278e+01 -1.02616276e+02 
 2.93559854e+01  9.48309478e-05  2.93559854e+01 -5.06414398e+01  2.93559854e+01 -1.01282974e+02 
 3.16978638e+01  1.07123037e-04  3.16978638e+01 -4.99747790e+01  3.16978638e+01 -9.99496651e+01 
 3.42265661e+01  1.21454582e-04  3.42265661e+01 -4.93081136e+01  3.42265661e+01 -9.86163486e+01 
 3.69569959e+01  1.38163967e-04  3.69569959e+01 -4.86414436e+01  3.69569959e+01 -9.72830253e+01 
 3.99052463e+01  1.57645718e-04  3.99052463e+01 -4.79747689e+01  3.99052463e+01 -9.59496954e+01 
 4.30886938e+01  1.80359826e-04  4.30886938e+01 -4.73080893e+01  4.30886938e+01 -9.46163590e+01 
 4.65261013e+01  2.06842606e-04  4.65261013e+01 -4.66414046e+01  4.65261013e+01 -9.32830160e+01 
 5.02377286e+01  2.37719359e-04  5.02377286e+01 -4.59747143e+01  5.02377286e+01 -9.19496663e+01 
 5.42454516e+01  2.73719146e-04  5.42454516e+01 -4.53080178e+01  5.42454516e+01 -9.06163094e+01 
 5.85728913e+01  3.15692001e-04  5.85728913e+01 -4.46413145e+01  5.85728913e+01 -8.92829447e+01 
 6.32455532e+01  3.64629006e-04  6.32455532e+01 -4.39746035e+01  6.32455532e+01 -8.79495716e+01 
 6.82909775e+01  4.21685706e-04  6.82909775e+01 -4.33078837e+01  6.82909775e+01 -8.66161890e+01 
 7.37389013e+01  4.88209396e-04  7.37389013e+01 -4.26411538e+01  7.37389013e+01 -8.52827958e+01 
 7.96214341e+01  5.65770953e-04  7.96214341e+01 -4.19744125e+01  7.96214341e+01 -8.39493907e+01 
 8.59732469e+01  6.56201943e-04  8.59732469e+01 -4.13076578e+01  8.59732469e+01 -8.26159719e+01 
 9.28317767e+01  7.61637899e-04  9.28317767e+01 -4.06408879e+01  9.28317767e+01 -8.12825374e+01 
 1.00237447e+02  8.84568777e-04  1.00237447e+02 -3.99741001e+01  1.00237447e+02 -7.99490847e+01 
 1.08233905e+02  1.02789781e-03  1.08233905e+02 -3.93072916e+01  1.08233905e+02 -7.86156112e+01 
 1.16868283e+02  1.19501010e-03  1.16868283e+02 -3.86404592e+01  1.16868283e+02 -7.72821134e+01 
 1.26191469e+02  1.38985270e-03  1.26191469e+02 -3.79735988e+01  1.26191469e+02 -7.59485875e+01 
 1.36258414e+02  1.61702789e-03  1.36258414e+02 -3.73067060e+01  1.36258414e+02 -7.46150290e+01 
 1.47128451e+02  1.88190204e-03  1.47128451e+02 -3.66397753e+01  1.47128451e+02 -7.32814325e+01 
 1.58865647e+02  2.19073259e-03  1.58865647e+02 -3.59728005e+01  1.58865647e+02 -7.19477917e+01 
 1.71539180e+02  2.55081612e-03  1.71539180e+02 -3.53057744e+01  1.71539180e+02 -7.06140996e+01 
 1.85223746e+02  2.97066112e-03  1.85223746e+02 -3.46386884e+01  1.85223746e+02 -6.92803474e+01 
 2.00000000e+02  3.46018949e-03  2.00000000e+02 -3.39715327e+01  2.00000000e+02 -6.79465255e+01 
 2.15955032e+02  4.03097170e-03  2.15955032e+02 -3.33042956e+01  2.15955032e+02 -6.66126222e+01 
 2.33182880e+02  4.69650118e-03  2.33182880e+02 -3.26369637e+01  2.33182880e+02 -6.52786240e+01 
 2.51785082e+02  5.47251450e-03  2.51785082e+02 -3.19695213e+01  2.51785082e+02 -6.39445152e+01 
 2.71871278e+02  6.37736515e-03  2.71871278e+02 -3.13019501e+01  2.71871278e+02 -6.26102775e+01 
 2.93559854e+02  7.43245987e-03  2.93559854e+02 -3.06342285e+01  2.93559854e+02 -6.12758895e+01 
 3.16978638e+02  8.66276812e-03  3.16978638e+02 -2.99663317e+01  3.16978638e+02 -5.99413262e+01 
 3.42265661e+02  1.00974173e-02  3.42265661e+02 -2.92982306e+01  3.42265661e+02 -5.86065586e+01 
 3.69569959e+02  1.17703877e-02  3.69569959e+02 -2.86298911e+01  3.69569959e+02 -5.72715525e+01 
 3.99052463e+02  1.37213257e-02  3.99052463e+02 -2.79612736e+01  3.99052463e+02 -5.59362685e+01 
 4.30886938e+02  1.59964931e-02  4.30886938e+02 -2.72923318e+01  4.30886938e+02 -5.46006602e+01 
 4.65261013e+02  1.86498790e-02  4.65261013e+02 -2.66230119e+01  4.65261013e+02 -5.32646736e+01 
 5.02377286e+02  2.17445000e-02  5.02377286e+02 -2.59532507e+01  5.02377286e+02 -5.19282458e+01 
 5.42454516e+02  2.53539239e-02  5.42454516e+02 -2.52829746e+01  5.42454516e+02 -5.05913032e+01 
 5.85728913e+02  2.95640542e-02  5.85728913e+02 -2.46120979e+01  5.85728913e+02 -4.92537598e+01 
 6.32455532e+02  3.44752244e-02  6.32455532e+02 -2.39405201e+01  6.32455532e+02 -4.79155154e+01 
 6.82909775e+02  4.02046559e-02  6.82909775e+02 -2.32681240e+01  6.82909775e+02 -4.65764527e+01 
 7.37389013e+02  4.68893475e-02  7.37389013e+02 -2.25947727e+01  7.37389013e+02 -4.52364348e+01 
 7.96214341e+02  5.46894766e-02  7.96214341e+02 -2.19203059e+01  7.96214341e+02 -4.38953014e+01 
 8.59732469e+02  6.37924072e-02  8.59732469e+02 -2.12445364e+01  8.59732469e+02 -4.25528652e+01 
 9.28317767e+02  7.44174242e-02  9.28317767e+02 -2.05672447e+01  9.28317767e+02 -4.12089068e+01 
 1.00237447e+03  8.68213344e-02  1.00237447e+03 -1.98881742e+01  1.00237447e+03 -3.98631696e+01 
 1.08233905e+03  1.01305109e-01  1.08233905e+03 -1.92070237e+01  1.08233905e+03 -3.85153526e+01 
 1.16868283e+03  1.18221785e-01  1.16868283e+03 -1.85234404e+01  1.16868283e+03 -3.71651026e+01 
 1.26191469e+03  1.37985888e-01  1.26191469e+03 -1.78370096e+01  1.26191469e+03 -3.58120052e+01 
 1.36258414e+03  1.61084719e-01  1.36258414e+03 -1.71472441e+01  1.36258414e+03 -3.44555730e+01 
 1.47128451e+03  1.88091914e-01  1.47128451e+03 -1.64535703e+01  1.47128451e+03 -3.30952325e+01 
 1.58865647e+03  2.19683835e-01  1.58865647e+03 -1.57553117e+01  1.58865647e+03 -3.17303073e+01 
 1.71539180e+03  2.56659457e-01  1.71539180e+03 -1.50516694e+01  1.71539180e+03 -3.03599983e+01 
 1.85223746e+03  2.99964678e-01  1.85223746e+03 -1.43416976e+01  1.85223746e+03 -2.89833598e+01 
 2.00000000e+03  3.50722218e-01  2.00000000e+03 -1.36242733e+01  2.00000000e+03 -2.75992689e+01 
 2.15955032e+03  4.10268692e-01  2.15955032e+03 -1.28980602e+01  2.15955032e+03 -2.62063891e+01 
 2.33182880e+03  4.80200980e-01  2.33182880e+03 -1.21614613e+01  2.33182880e+03 -2.48031235e+01 
 2.51785082e+03  5.62434822e-01  2.51785082e+03 -1.14125608e+01  2.51785082e+03 -2.33875563e+01 
 2.71871278e+03  6.59279674e-01  2.71871278e+03 -1.06490492e+01  2.71871278e+03 -2.19573782e+01 
 2.93559854e+03  7.73535577e-01  2.93559854e+03 -9.86812667e+00  2.93559854e+03 -2.05097889e+01 
 3.16978638e+03  9.08620289e-01  3.16978638e+03 -9.06637529e+00  3.16978638e+03 -1.90413709e+01 
 3.42265661e+03  1.06873883e+00  3.42265661e+03 -8.23959009e+00  3.42265661e+03 -1.75479190e+01 
 3.69569959e+03  1.25911368e+00  3.69569959e+03 -7.38254857e+00  3.69569959e+03 -1.60242108e+01 
 3.99052463e+03  1.48630375e+00  3.99052463e+03 -6.48869183e+00  3.99052463e+03 -1.44636874e+01 
 4.30886938e+03  1.75865661e+00  4.30886938e+03 -5.54967231e+00  4.30886938e+03 -1.28580012e+01 
 4.65261013e+03  2.08696673e+00  4.65261013e+03 -4.55469552e+00  4.65261013e+03 -1.11963578e+01 
 5.02377286e+03  2.48546275e+00  5.02377286e+03 -3.48953284e+00  5.02377286e+03 -9.46452843e+00 
 5.42454516e+03  2.97334039e+00  5.42454516e+03 -2.33498854e+00  5.42454516e+03 -7.64331746e+00 
 5.85728913e+03  3.57724008e+00  5.85728913e+03 -1.06442218e+00  5.85728913e+03 -5.70608444e+00 
 6.32455532e+03  4.33544172e+00  6.32455532e+03  3.60446128e-01  6.32455532e+03 -3.61454946e+00 
 6.82909775e+03  5.30535064e+00  6.82909775e+03  1.99702171e+00  6.82909775e+03 -1.31130721e+00 
 7.37389013e+03  6.57761056e+00  7.37389013e+03  3.93594831e+00  7.37389013e+03  1.29428605e+00 
 7.96214341e+03  8.30362396e+00  7.96214341e+03  6.32862837e+00  7.96214341e+03  4.35363278e+00 
 8.59732469e+03  1.07419062e+01  8.59732469e+03  9.43357723e+00  8.59732469e+03  8.12524831e+00 
 9.28317767e+03  1.41718492e+01  9.28317767e+03  1.35301869e+01  9.28317767e+03  1.28885246e+01 
 1.00237447e+04  1.64486131e+01  1.00237447e+04  1.64736175e+01  1.00237447e+04  1.64986219e+01 
 1.08233905e+04  1.25041070e+01  1.08233905e+04  1.31957781e+01  1.08233905e+04  1.38874492e+01 
 1.16868283e+04  7.80964212e+00  1.16868283e+04  9.16797986e+00  1.16868283e+04  1.05263176e+01 
 1.26191469e+04  4.10338004e+00  1.26191469e+04  6.12838444e+00  1.26191469e+04  8.15338885e+00 
 1.36258414e+04  1.08541349e+00  1.36258414e+04  3.77708457e+00  1.36258414e+04  6.46875564e+00 
 1.47128451e+04 -1.49322538e+00  1.47128451e+04  1.86511236e+00  1.47128451e+04  5.22345010e+00 
 1.58865647e+04 -3.77796778e+00  1.58865647e+04  2.47036624e-01  1.58865647e+04  4.27204103e+00 
 1.71539180e+04 -5.85623094e+00  1.71539180e+04 -1.16455987e+00  1.71539180e+04  3.52711120e+00 
 1.85223746e+04 -7.78360726e+00  1.85223746e+04 -2.42526952e+00  1.85223746e+04  2.93306822e+00 
 2.00000000e+04 -9.59729817e+00  2.00000000e+04 -3.57229377e+00  2.00000000e+04  2.45271064e+00 
