 0.00000000e+00  0.00000000e+00 
 3.33300000e-08 -9.56386816e-10 
 6.66600000e-08 -3.75115163e-09 
 1.33320000e-07 -1.46438985e-08 
 2.66640000e-07 -8.49393060e-08 
 5.33280000e-07 -5.44126794e-07 
 8.93845469e-07 -2.08533171e-06 
 1.39674252e-06 -6.36690501e-06 
 2.00027130e-06 -1.50291720e-05 
 2.91640351e-06 -3.56418233e-05 
 4.34359310e-06 -8.54400986e-05 
 7.19797228e-06 -2.47458412e-04 
 1.05309723e-05 -5.37350719e-04 
 1.38639723e-05 -9.29509610e-04 
 1.71969723e-05 -1.41755006e-03 
 2.05299723e-05 -1.99542197e-03 
 2.38629723e-05 -2.65738935e-03 
 2.71959723e-05 -3.39801177e-03 
 3.05289723e-05 -4.21212638e-03 
 3.38619723e-05 -5.09483139e-03 
 3.71949723e-05 -6.04147036e-03 
 4.05279723e-05 -7.04761761e-03 
 4.38609723e-05 -8.10906444e-03 
 4.71939723e-05 -9.22180623e-03 
 5.05269723e-05 -1.03820304e-02 
 5.38599723e-05 -1.15861050e-02 
 5.71929723e-05 -1.28305683e-02 
 6.05259723e-05 -1.41121185e-02 
 6.38589723e-05 -1.54276046e-02 
 6.71919723e-05 -1.67740178e-02 
 7.05249723e-05 -1.81484829e-02 
 7.38579723e-05 -1.95482511e-02 
 7.71909723e-05 -2.09706925e-02 
 8.05239723e-05 -2.24132893e-02 
 8.38569723e-05 -2.38736299e-02 
 8.71899723e-05 -2.53494027e-02 
 9.05229723e-05 -2.68383904e-02 
 9.38559723e-05 -2.83384653e-02 
 9.71889723e-05 -2.98475841e-02 
 1.00521972e-04 -3.13637837e-02 
 1.03854972e-04 -3.28851765e-02 
 1.07187972e-04 -3.44099469e-02 
 1.10520972e-04 -3.59363474e-02 
 1.13853972e-04 -3.74626951e-02 
 1.17186972e-04 -3.89873687e-02 
 1.20519972e-04 -4.05088052e-02 
 1.23852972e-04 -4.20254973e-02 
 1.27185972e-04 -4.35359906e-02 
 1.30518972e-04 -4.50388813e-02 
 1.33851972e-04 -4.65328140e-02 
 1.37184972e-04 -4.80164793e-02 
 1.40517972e-04 -4.94886119e-02 
 1.43850972e-04 -5.09479891e-02 
 1.47183972e-04 -5.23934283e-02 
 1.50516972e-04 -5.38237864e-02 
 1.53849972e-04 -5.52379574e-02 
 1.57182972e-04 -5.66348717e-02 
 1.60515972e-04 -5.80134942e-02 
 1.63848972e-04 -5.93728237e-02 
 1.67181972e-04 -6.07118915e-02 
 1.70514972e-04 -6.20297601e-02 
 1.73847972e-04 -6.33255227e-02 
 1.77180972e-04 -6.45983023e-02 
 1.80513972e-04 -6.58472503e-02 
 1.83846972e-04 -6.70715465e-02 
 1.87179972e-04 -6.82703978e-02 
 1.90512972e-04 -6.94430380e-02 
 1.93845972e-04 -7.05887268e-02 
 1.97178972e-04 -7.17067494e-02 
 2.00511972e-04 -7.27964162e-02 
 2.03844972e-04 -7.38570619e-02 
 2.07177972e-04 -7.48880454e-02 
 2.10510972e-04 -7.58887493e-02 
 2.13843972e-04 -7.68585794e-02 
 2.17176972e-04 -7.77969645e-02 
 2.20509972e-04 -7.87033560e-02 
 2.23842972e-04 -7.95772278e-02 
 2.27175972e-04 -8.04180756e-02 
 2.30508972e-04 -8.12254171e-02 
 2.33841972e-04 -8.19987915e-02 
 2.37174972e-04 -8.27377595e-02 
 2.40507972e-04 -8.34419027e-02 
 2.43840972e-04 -8.41108239e-02 
 2.47173972e-04 -8.47441467e-02 
 2.50506972e-04 -8.53415153e-02 
 2.53839972e-04 -8.59025943e-02 
 2.57172972e-04 -8.64270687e-02 
 2.60505972e-04 -8.69146440e-02 
 2.63838972e-04 -8.73650454e-02 
 2.67171972e-04 -8.77780184e-02 
 2.70504972e-04 -8.81533282e-02 
 2.73837972e-04 -8.84907597e-02 
 2.77170972e-04 -8.87901177e-02 
 2.80503972e-04 -8.90512265e-02 
 2.83836972e-04 -8.92739297e-02 
 2.87169972e-04 -8.94580904e-02 
 2.90502972e-04 -8.96035911e-02 
 2.93835972e-04 -8.97103332e-02 
 2.97168972e-04 -8.97782374e-02 
 3.00501972e-04 -8.98072435e-02 
 3.03834972e-04 -8.97973099e-02 
 3.07167972e-04 -8.97484141e-02 
 3.10500972e-04 -8.96605521e-02 
 3.13833972e-04 -8.95337387e-02 
 3.17166972e-04 -8.93680072e-02 
 3.20499972e-04 -8.91634093e-02 
 3.23832972e-04 -8.89200148e-02 
 3.27165972e-04 -8.86379122e-02 
 3.30498972e-04 -8.83172075e-02 
 3.33831972e-04 -8.79580253e-02 
 3.37164972e-04 -8.75605075e-02 
 3.40497972e-04 -8.71248141e-02 
 3.43830972e-04 -8.66511227e-02 
 3.47163972e-04 -8.61396281e-02 
 3.50496972e-04 -8.55905428e-02 
 3.53829972e-04 -8.50040964e-02 
 3.57162972e-04 -8.43805354e-02 
 3.60495972e-04 -8.37201234e-02 
 3.63828972e-04 -8.30231407e-02 
 3.67161972e-04 -8.22898843e-02 
 3.70494972e-04 -8.15206674e-02 
 3.73827972e-04 -8.07158196e-02 
 3.77160972e-04 -7.98756868e-02 
 3.80493972e-04 -7.90006304e-02 
 3.83826972e-04 -7.80910279e-02 
 3.87159972e-04 -7.71472722e-02 
 3.90492972e-04 -7.61697714e-02 
 3.93825972e-04 -7.51589489e-02 
 3.97158972e-04 -7.41152432e-02 
 4.00491972e-04 -7.30391070e-02 
 4.03824972e-04 -7.19310082e-02 
 4.07157972e-04 -7.07914283e-02 
 4.10490972e-04 -6.96208634e-02 
 4.13823972e-04 -6.84198231e-02 
 4.17156972e-04 -6.71888306e-02 
 4.20489972e-04 -6.59284227e-02 
 4.23822972e-04 -6.46391491e-02 
 4.27155972e-04 -6.33215722e-02 
 4.30488972e-04 -6.19762673e-02 
 4.33821972e-04 -6.06038219e-02 
 4.37154972e-04 -5.92048354e-02 
 4.40487972e-04 -5.77799192e-02 
 4.43820972e-04 -5.63296960e-02 
 4.47153972e-04 -5.48548000e-02 
 4.50486972e-04 -5.33558761e-02 
 4.53819972e-04 -5.18335799e-02 
 4.57152972e-04 -5.02885774e-02 
 4.60485972e-04 -4.87215446e-02 
 4.63818972e-04 -4.71331673e-02 
 4.67151972e-04 -4.55241408e-02 
 4.70484972e-04 -4.38951694e-02 
 4.73817972e-04 -4.22469663e-02 
 4.77150972e-04 -4.05802533e-02 
 4.80483972e-04 -3.88957601e-02 
 4.83816972e-04 -3.71942246e-02 
 4.87149972e-04 -3.54763920e-02 
 4.90482972e-04 -3.37430148e-02 
 4.93815972e-04 -3.19948524e-02 
 4.97148972e-04 -3.02326707e-02 
 5.00481972e-04 -2.84572416e-02 
 5.03814972e-04 -2.66693433e-02 
 5.07147972e-04 -2.48697590e-02 
 5.10480972e-04 -2.30592774e-02 
 5.13813972e-04 -2.12386919e-02 
 5.17146972e-04 -1.94088005e-02 
 5.20479972e-04 -1.75704050e-02 
 5.23812972e-04 -1.57243113e-02 
 5.27145972e-04 -1.38713286e-02 
 5.30478972e-04 -1.20122689e-02 
 5.33811972e-04 -1.01479473e-02 
 5.37144972e-04 -8.27918097e-03 
 5.40477972e-04 -6.40678906e-03 
 5.43810972e-04 -4.53159243e-03 
 5.47143972e-04 -2.65441312e-03 
 5.50476972e-04 -7.76074078e-04 
 5.53809972e-04  1.10260121e-03 
 5.57142972e-04  2.98078912e-03 
 5.60475972e-04  4.85766621e-03 
 5.63808972e-04  6.73240961e-03 
 5.67141972e-04  8.60419735e-03 
 5.70474972e-04  1.04722088e-02 
 5.73807972e-04  1.23356248e-02 
 5.77140972e-04  1.41936285e-02 
 5.80473972e-04  1.60454052e-02 
 5.83806972e-04  1.78901429e-02 
 5.87139972e-04  1.97270328e-02 
 5.90472972e-04  2.15552694e-02 
 5.93805972e-04  2.33740511e-02 
 5.97138972e-04  2.51825805e-02 
 6.00471972e-04  2.69800644e-02 
 6.03804972e-04  2.87657147e-02 
 6.07137972e-04  3.05387485e-02 
 6.10470972e-04  3.22983882e-02 
 6.13803972e-04  3.40438623e-02 
 6.17136972e-04  3.57744054e-02 
 6.20469972e-04  3.74892586e-02 
 6.23802972e-04  3.91876700e-02 
 6.27135972e-04  4.08688948e-02 
 6.30468972e-04  4.25321957e-02 
 6.33801972e-04  4.41768434e-02 
 6.37134972e-04  4.58021167e-02 
 6.40467972e-04  4.74073029e-02 
 6.43800972e-04  4.89916981e-02 
 6.47133972e-04  5.05546075e-02 
 6.50466972e-04  5.20953458e-02 
 6.53799972e-04  5.36132372e-02 
 6.57132972e-04  5.51076163e-02 
 6.60465972e-04  5.65778276e-02 
 6.63798972e-04  5.80232264e-02 
 6.67131972e-04  5.94431789e-02 
 6.70464972e-04  6.08370625e-02 
 6.73797972e-04  6.22042658e-02 
 6.77130972e-04  6.35441893e-02 
 6.80463972e-04  6.48562454e-02 
 6.83796972e-04  6.61398588e-02 
 6.87129972e-04  6.73944664e-02 
 6.90462972e-04  6.86195183e-02 
 6.93795972e-04  6.98144771e-02 
 6.97128972e-04  7.09788188e-02 
 7.00461972e-04  7.21120328e-02 
 7.03794972e-04  7.32136222e-02 
 7.07127972e-04  7.42831038e-02 
 7.10460972e-04  7.53200087e-02 
 7.13793972e-04  7.63238822e-02 
 7.17126972e-04  7.72942840e-02 
 7.20459972e-04  7.82307886e-02 
 7.23792972e-04  7.91329852e-02 
 7.27125972e-04  8.00004783e-02 
 7.30458972e-04  8.08328874e-02 
 7.33791972e-04  8.16298475e-02 
 7.37124972e-04  8.23910091e-02 
 7.40457972e-04  8.31160384e-02 
 7.43790972e-04  8.38046173e-02 
 7.47123972e-04  8.44564441e-02 
 7.50456972e-04  8.50712328e-02 
 7.53789972e-04  8.56487138e-02 
 7.57122972e-04  8.61886338e-02 
 7.60455972e-04  8.66907562e-02 
 7.63788972e-04  8.71548606e-02 
 7.67121972e-04  8.75807436e-02 
 7.70454972e-04  8.79682184e-02 
 7.73787972e-04  8.83171151e-02 
 7.77120972e-04  8.86272807e-02 
 7.80453972e-04  8.88985791e-02 
 7.83786972e-04  8.91308914e-02 
 7.87119972e-04  8.93241158e-02 
 7.90452972e-04  8.94781674e-02 
 7.93785972e-04  8.95929787e-02 
 7.97118972e-04  8.96684994e-02 
 8.00451972e-04  8.97046964e-02 
 8.03784972e-04  8.97015538e-02 
 8.07117972e-04  8.96590729e-02 
 8.10450972e-04  8.95772724e-02 
 8.13783972e-04  8.94561882e-02 
 8.17116972e-04  8.92958734e-02 
 8.20449972e-04  8.90963982e-02 
 8.23782972e-04  8.88578502e-02 
 8.27115972e-04  8.85803340e-02 
 8.30448972e-04  8.82639713e-02 
 8.33781972e-04  8.79089008e-02 
 8.37114972e-04  8.75152783e-02 
 8.40447972e-04  8.70832763e-02 
 8.43780972e-04  8.66130843e-02 
 8.47113972e-04  8.61049086e-02 
 8.50446972e-04  8.55589719e-02 
 8.53779972e-04  8.49755138e-02 
 8.57112972e-04  8.43547900e-02 
 8.60445972e-04  8.36970728e-02 
 8.63778972e-04  8.30026506e-02 
 8.67111972e-04  8.22718280e-02 
 8.70444972e-04  8.15049254e-02 
 8.73777972e-04  8.07022792e-02 
 8.77110972e-04  7.98642415e-02 
 8.80443972e-04  7.89911796e-02 
 8.83776972e-04  7.80834765e-02 
 8.87109972e-04  7.71415302e-02 
 8.90442972e-04  7.61657539e-02 
 8.93775972e-04  7.51565754e-02 
 8.97108972e-04  7.41144374e-02 
 9.00441972e-04  7.30397968e-02 
 9.03774972e-04  7.19331249e-02 
 9.07107972e-04  7.07949071e-02 
 9.10440972e-04  6.96256426e-02 
 9.13773972e-04  6.84258440e-02 
 9.17106972e-04  6.71960376e-02 
 9.20439972e-04  6.59367626e-02 
 9.23772972e-04  6.46485714e-02 
 9.27105972e-04  6.33320289e-02 
 9.30438972e-04  6.19877124e-02 
 9.33771972e-04  6.06162115e-02 
 9.37104972e-04  5.92181276e-02 
 9.40437972e-04  5.77940739e-02 
 9.43770972e-04  5.63446748e-02 
 9.47103972e-04  5.48705661e-02 
 9.50436972e-04  5.33723941e-02 
 9.53769972e-04  5.18508159e-02 
 9.57102972e-04  5.03064988e-02 
 9.60435972e-04  4.87401200e-02 
 9.63768972e-04  4.71523664e-02 
 9.67101972e-04  4.55439344e-02 
 9.70434972e-04  4.39155293e-02 
 9.73767972e-04  4.22678653e-02 
 9.77100972e-04  4.06016649e-02 
 9.80433972e-04  3.89176588e-02 
 9.83766972e-04  3.72165855e-02 
 9.87099972e-04  3.54991911e-02 
 9.90432972e-04  3.37662287e-02 
 9.93765972e-04  3.20184582e-02 
 9.97098972e-04  3.02566463e-02 
 1.00043197e-03  2.84815654e-02 
 1.00376497e-03  2.66939940e-02 
 1.00709797e-03  2.48947161e-02 
 1.01043097e-03  2.30845208e-02 
 1.01376397e-03  2.12642018e-02 
 1.01709697e-03  1.94345575e-02 
 1.02042997e-03  1.75963903e-02 
 1.02376297e-03  1.57505063e-02 
 1.02709597e-03  1.38977150e-02 
 1.03042897e-03  1.20388288e-02 
 1.03376197e-03  1.01746631e-02 
 1.03709497e-03  8.30603541e-03 
 1.04042797e-03  6.43376509e-03 
 1.04376097e-03  4.55867328e-03 
 1.04709397e-03  2.68158228e-03 
 1.05042697e-03  8.03315292e-04 
 1.05375997e-03 -1.07530399e-03 
 1.05709297e-03 -2.95345171e-03 
 1.06042597e-03 -4.83030420e-03 
 1.06375897e-03 -6.70503838e-03 
 1.06709197e-03 -8.57683211e-03 
 1.07042497e-03 -1.04448645e-02 
 1.07375797e-03 -1.23083163e-02 
 1.07709097e-03 -1.41663704e-02 
 1.08042397e-03 -1.60182119e-02 
 1.08375697e-03 -1.78630287e-02 
 1.08708997e-03 -1.97000118e-02 
 1.09042297e-03 -2.15283554e-02 
 1.09375597e-03 -2.33472580e-02 
 1.09708897e-03 -2.51559217e-02 
 1.10042197e-03 -2.69535534e-02 
 1.10375497e-03 -2.87393647e-02 
 1.10708797e-03 -3.05125725e-02 
 1.11042097e-03 -3.22723992e-02 
 1.11375397e-03 -3.40180729e-02 
 1.11708697e-03 -3.57488282e-02 
 1.12041997e-03 -3.74639061e-02 
 1.12375297e-03 -3.91625542e-02 
 1.12708597e-03 -4.08440279e-02 
 1.13041897e-03 -4.25075896e-02 
 1.13375197e-03 -4.41525097e-02 
 1.13708497e-03 -4.57780670e-02 
 1.14041797e-03 -4.73835486e-02 
 1.14375097e-03 -4.89682503e-02 
 1.14708397e-03 -5.05314772e-02 
 1.15041697e-03 -5.20725438e-02 
 1.15374997e-03 -5.35907741e-02 
 1.15708297e-03 -5.50855026e-02 
 1.16041597e-03 -5.65560735e-02 
 1.16374897e-03 -5.80018420e-02 
 1.16708197e-03 -5.94221741e-02 
 1.17041497e-03 -6.08164468e-02 
 1.17374797e-03 -6.21840488e-02 
 1.17708097e-03 -6.35243803e-02 
 1.18041397e-03 -6.48368535e-02 
 1.18374697e-03 -6.61208927e-02 
 1.18707997e-03 -6.73759350e-02 
 1.19041297e-03 -6.86014298e-02 
 1.19374597e-03 -6.97968398e-02 
 1.19707897e-03 -7.09616407e-02 
 1.20041197e-03 -7.20953218e-02 
 1.20374497e-03 -7.31973857e-02 
 1.20707797e-03 -7.42673493e-02 
 1.21041097e-03 -7.53047433e-02 
 1.21374397e-03 -7.63091128e-02 
 1.21707697e-03 -7.72800172e-02 
 1.22040997e-03 -7.82170309e-02 
 1.22374297e-03 -7.91197428e-02 
 1.22707597e-03 -7.99877571e-02 
 1.23040897e-03 -8.08206932e-02 
 1.23374197e-03 -8.16181858e-02 
 1.23707497e-03 -8.23798851e-02 
 1.24040797e-03 -8.31054570e-02 
 1.24374097e-03 -8.37945835e-02 
 1.24707397e-03 -8.44469622e-02 
 1.25040697e-03 -8.50623071e-02 
 1.25373997e-03 -8.56403483e-02 
 1.25707297e-03 -8.61808324e-02 
 1.26040597e-03 -8.66835222e-02 
 1.26373897e-03 -8.71481974e-02 
 1.26707197e-03 -8.75746542e-02 
 1.27040497e-03 -8.79627055e-02 
 1.27373797e-03 -8.83121812e-02 
 1.27707097e-03 -8.86229280e-02 
 1.28040397e-03 -8.88948096e-02 
 1.28373697e-03 -8.91277068e-02 
 1.28706997e-03 -8.93215175e-02 
 1.29040297e-03 -8.94761566e-02 
 1.29373597e-03 -8.95915564e-02 
 1.29706897e-03 -8.96676662e-02 
 1.30040197e-03 -8.97044527e-02 
 1.30373497e-03 -8.97018997e-02 
 1.30706797e-03 -8.96600084e-02 
 1.31040097e-03 -8.95787970e-02 
 1.31373397e-03 -8.94583014e-02 
 1.31706697e-03 -8.92985742e-02 
 1.32039997e-03 -8.90996855e-02 
 1.32373297e-03 -8.88617226e-02 
 1.32706597e-03 -8.85847898e-02 
 1.33039897e-03 -8.82690085e-02 
 1.33373197e-03 -8.79145173e-02 
 1.33706497e-03 -8.75214716e-02 
 1.34039797e-03 -8.70900437e-02 
 1.34373097e-03 -8.66204229e-02 
 1.34706397e-03 -8.61128152e-02 
 1.35039697e-03 -8.55674430e-02 
 1.35372997e-03 -8.49845457e-02 
 1.35706297e-03 -8.43643788e-02 
 1.36039597e-03 -8.37072142e-02 
 1.36372897e-03 -8.30133403e-02 
 1.36706197e-03 -8.22830613e-02 
 1.37039497e-03 -8.15166974e-02 
 1.37372797e-03 -8.07145847e-02 
 1.37706097e-03 -7.98770750e-02 
 1.38039397e-03 -7.90045356e-02 
 1.38372697e-03 -7.80973492e-02 
 1.38705997e-03 -7.71559135e-02 
 1.39039297e-03 -7.61806415e-02 
 1.39372597e-03 -7.51719607e-02 
 1.39705897e-03 -7.41303137e-02 
 1.40039197e-03 -7.30561572e-02 
 1.40372497e-03 -7.19499622e-02 
 1.40705797e-03 -7.08122139e-02 
 1.41039097e-03 -6.96434113e-02 
 1.41372397e-03 -6.84440668e-02 
 1.41705697e-03 -6.72147066e-02 
 1.42038997e-03 -6.59558696e-02 
 1.42372297e-03 -6.46681080e-02 
 1.42705597e-03 -6.33519865e-02 
 1.43038897e-03 -6.20080823e-02 
 1.43372197e-03 -6.06369847e-02 
 1.43705497e-03 -5.92392950e-02 
 1.44038797e-03 -5.78156263e-02 
 1.44372097e-03 -5.63666028e-02 
 1.44705397e-03 -5.48928599e-02 
 1.45038697e-03 -5.33950441e-02 
 1.45371997e-03 -5.18738121e-02 
 1.45705297e-03 -5.03298310e-02 
 1.46038597e-03 -4.87637781e-02 
 1.46371897e-03 -4.71763401e-02 
 1.46705197e-03 -4.55682130e-02 
 1.47038497e-03 -4.39401023e-02 
 1.47371797e-03 -4.22927218e-02 
 1.47705097e-03 -4.06267941e-02 
 1.48038397e-03 -3.89430496e-02 
 1.48371697e-03 -3.72422269e-02 
 1.48704997e-03 -3.55250718e-02 
 1.49038297e-03 -3.37923373e-02 
 1.49371597e-03 -3.20447833e-02 
 1.49704897e-03 -3.02831763e-02 
 1.50038197e-03 -2.85082887e-02 
 1.50371497e-03 -2.67208989e-02 
 1.50704797e-03 -2.49217908e-02 
 1.51038097e-03 -2.31117534e-02 
 1.51371397e-03 -2.12915804e-02 
 1.51704697e-03 -1.94620701e-02 
 1.52037997e-03 -1.76240248e-02 
 1.52371297e-03 -1.57782505e-02 
 1.52704597e-03 -1.39255568e-02 
 1.53037897e-03 -1.20667561e-02 
 1.53371197e-03 -1.02026636e-02 
 1.53704497e-03 -8.33409669e-03 
 1.54037797e-03 -6.46187495e-03 
 1.54371097e-03 -4.58681939e-03 
 1.54704397e-03 -2.70975230e-03 
 1.55037697e-03 -8.31496856e-04 
 1.55370997e-03  1.04712323e-03 
 1.55704297e-03  2.92528411e-03 
 1.56037597e-03  4.80216212e-03 
 1.56370897e-03  6.67693417e-03 
 1.56704197e-03  8.54877807e-03 
 1.57037497e-03  1.04168730e-02 
 1.57370797e-03  1.22803996e-02 
 1.57704097e-03  1.41385407e-02 
 1.58037397e-03  1.59904814e-02 
 1.58370697e-03  1.78354095e-02 
 1.58703997e-03  1.96725160e-02 
 1.59037297e-03  2.15009953e-02 
 1.59370597e-03  2.33200453e-02 
 1.59703897e-03  2.51288685e-02 
 1.60037197e-03  2.69266715e-02 
 1.60370497e-03  2.87126660e-02 
 1.60703797e-03  3.04860686e-02 
 1.61037097e-03  3.22461018e-02 
 1.61370397e-03  3.39919935e-02 
 1.61703697e-03  3.57229782e-02 
 1.62036997e-03  3.74382968e-02 
 1.62370297e-03  3.91371970e-02 
 1.62703597e-03  4.08189337e-02 
 1.63036897e-03  4.24827695e-02 
 1.63370197e-03  4.41279747e-02 
 1.63703497e-03  4.57538278e-02 
 1.64036797e-03  4.73596157e-02 
 1.64370097e-03  4.89446343e-02 
 1.64703397e-03  5.05081884e-02 
 1.65036697e-03  5.20495925e-02 
 1.65369997e-03  5.35681704e-02 
 1.65703297e-03  5.50632562e-02 
 1.66036597e-03  5.65341943e-02 
 1.66369897e-03  5.79803396e-02 
 1.66703197e-03  5.94010579e-02 
 1.67036497e-03  6.07957262e-02 
 1.67369797e-03  6.21637327e-02 
 1.67703097e-03  6.35044777e-02 
 1.68036397e-03  6.48173730e-02 
 1.68369697e-03  6.61018430e-02 
 1.68702997e-03  6.73573244e-02 
 1.69036297e-03  6.85832665e-02 
 1.69369597e-03  6.97791317e-02 
 1.69702897e-03  7.09443956e-02 
 1.70036197e-03  7.20785472e-02 
 1.70369497e-03  7.31810891e-02 
 1.70702797e-03  7.42515377e-02 
 1.71036097e-03  7.52894237e-02 
 1.71369397e-03  7.62942919e-02 
 1.71702697e-03  7.72657015e-02 
 1.72035997e-03  7.82032267e-02 
 1.72369297e-03  7.91064561e-02 
 1.72702597e-03  7.99749939e-02 
 1.73035897e-03  8.08084589e-02 
 1.73369197e-03  8.16064858e-02 
 1.73702497e-03  8.23687245e-02 
 1.74035797e-03  8.30948408e-02 
 1.74369097e-03  8.37845163e-02 
 1.74702397e-03  8.44374485e-02 
 1.75035697e-03  8.50533510e-02 
 1.75368997e-03  8.56319537e-02 
 1.75702297e-03  8.61730030e-02 
 1.76035597e-03  8.66762615e-02 
 1.76368897e-03  8.71415085e-02 
 1.76702197e-03  8.75685400e-02 
 1.77035497e-03  8.79571688e-02 
 1.77368797e-03  8.83072243e-02 
 1.77702097e-03  8.86185531e-02 
 1.78035397e-03  8.88910187e-02 
 1.78368697e-03  8.91245015e-02 
 1.78701997e-03  8.93188992e-02 
 1.79035297e-03  8.94741265e-02 
 1.79368597e-03  8.95901154e-02 
 1.79701897e-03  8.96668149e-02 
 1.80035197e-03  8.97041914e-02 
 1.80368497e-03  8.97022287e-02 
 1.80701797e-03  8.96609274e-02 
 1.81035097e-03  8.95803057e-02 
 1.81368397e-03  8.94603990e-02 
 1.81701697e-03  8.93012599e-02 
 1.82034997e-03  8.91029581e-02 
 1.82368297e-03  8.88655806e-02 
 1.82701597e-03  8.85892315e-02 
 1.83034897e-03  8.82740321e-02 
 1.83368197e-03  8.79201205e-02 
 1.83701497e-03  8.75276519e-02 
 1.84034797e-03  8.70967985e-02 
 1.84368097e-03  8.66277491e-02 
 1.84701397e-03  8.61207096e-02 
 1.85034697e-03  8.55759023e-02 
 1.85367997e-03  8.49935660e-02 
 1.85701297e-03  8.43739562e-02 
 1.86034597e-03  8.37173447e-02 
 1.86367897e-03  8.30240192e-02 
 1.86701197e-03  8.22942840e-02 
 1.87034497e-03  8.15284590e-02 
 1.87367797e-03  8.07268800e-02 
 1.87701097e-03  7.98898987e-02 
 1.88034397e-03  7.90178820e-02 
 1.88367697e-03  7.81112124e-02 
 1.88700997e-03  7.71702875e-02 
 1.89034297e-03  7.61955199e-02 
 1.89367597e-03  7.51873372e-02 
 1.89700897e-03  7.41461813e-02 
 1.90034197e-03  7.30725090e-02 
 1.90367497e-03  7.19667912e-02 
 1.90700797e-03  7.08295126e-02 
 1.91034097e-03  6.96611720e-02 
 1.91367397e-03  6.84622819e-02 
 1.91700697e-03  6.72333680e-02 
 1.92033997e-03  6.59749691e-02 
 1.92367297e-03  6.46876373e-02 
 1.92700597e-03  6.33719370e-02 
 1.93033897e-03  6.20284452e-02 
 1.93367197e-03  6.06577512e-02 
 1.93700497e-03  5.92604560e-02 
 1.94033797e-03  5.78371724e-02 
 1.94367097e-03  5.63885245e-02 
 1.94700397e-03  5.49151477e-02 
 1.95033697e-03  5.34176882e-02 
 1.95366997e-03  5.18968026e-02 
 1.95700297e-03  5.03531579e-02 
 1.96033597e-03  4.87874310e-02 
 1.96366897e-03  4.72003086e-02 
 1.96700197e-03  4.55924868e-02 
 1.97033497e-03  4.39646706e-02 
 1.97366797e-03  4.23175739e-02 
 1.97700097e-03  4.06519190e-02 
 1.98033397e-03  3.89684364e-02 
 1.98366697e-03  3.72678643e-02 
 1.98699997e-03  3.55509487e-02 
 1.99033297e-03  3.38184423e-02 
 1.99366597e-03  3.20711050e-02 
 1.99699897e-03  3.03097031e-02 
 2.00033197e-03  2.85350090e-02 
 2.00366497e-03  2.67478010e-02 
 2.00699797e-03  2.49488628e-02 
 2.01033097e-03  2.31389835e-02 
 2.01366397e-03  2.13189567e-02 
 2.01699697e-03  1.94895805e-02 
 2.02032997e-03  1.76516573e-02 
 2.02366297e-03  1.58059930e-02 
 2.02699597e-03  1.39533971e-02 
 2.03032897e-03  1.20946820e-02 
 2.03366197e-03  1.02306628e-02 
 2.03699497e-03  8.36215705e-03 
 2.04032797e-03  6.48998408e-03 
 2.04366097e-03  4.61496495e-03 
 2.04699397e-03  2.73792196e-03 
 2.05032697e-03  8.59678259e-04 
 2.05365997e-03 -1.01894245e-03 
 2.05699297e-03 -2.89711630e-03 
 2.06032597e-03 -4.77401964e-03 
 2.06365897e-03 -6.64882935e-03 
 2.06699197e-03 -8.52072326e-03 
 2.07032497e-03 -1.03888804e-02 
 2.07365797e-03 -1.22524816e-02 
 2.07699097e-03 -1.41107095e-02 
 2.08032397e-03 -1.59627493e-02 
 2.08365697e-03 -1.78077886e-02 
 2.08698997e-03 -1.96450184e-02 
 2.09032297e-03 -2.14736330e-02 
 2.09365597e-03 -2.32928304e-02 
 2.09698897e-03 -2.51018129e-02 
 2.10032197e-03 -2.68997871e-02 
 2.10365497e-03 -2.86859645e-02 
 2.10698797e-03 -3.04595618e-02 
 2.11032097e-03 -3.22198012e-02 
 2.11365397e-03 -3.39659107e-02 
 2.11698697e-03 -3.56971247e-02 
 2.12031997e-03 -3.74126839e-02 
 2.12365297e-03 -3.91118359e-02 
 2.12698597e-03 -4.07938356e-02 
 2.13031897e-03 -4.24579453e-02 
 2.13365197e-03 -4.41034354e-02 
 2.13698497e-03 -4.57295840e-02 
 2.14031797e-03 -4.73356782e-02 
 2.14365097e-03 -4.89210135e-02 
 2.14698397e-03 -5.04848947e-02 
 2.15031697e-03 -5.20266361e-02 
 2.15364997e-03 -5.35455614e-02 
 2.15698297e-03 -5.50410045e-02 
 2.16031597e-03 -5.65123096e-02 
 2.16364897e-03 -5.79588316e-02 
 2.16698197e-03 -5.93799360e-02 
 2.17031497e-03 -6.07749995e-02 
 2.17364797e-03 -6.21434105e-02 
 2.17698097e-03 -6.34845688e-02 
 2.18031397e-03 -6.47978862e-02 
 2.18364697e-03 -6.60827868e-02 
 2.18697997e-03 -6.73387072e-02 
 2.19031297e-03 -6.85650964e-02 
 2.19364597e-03 -6.97614167e-02 
 2.19697897e-03 -7.09271435e-02 
 2.20031197e-03 -7.20617655e-02 
 2.20364497e-03 -7.31647852e-02 
 2.20697797e-03 -7.42357188e-02 
 2.21031097e-03 -7.52740967e-02 
 2.21364397e-03 -7.62794635e-02 
 2.21697697e-03 -7.72513782e-02 
 2.22030997e-03 -7.81894148e-02 
 2.22364297e-03 -7.90931617e-02 
 2.22697597e-03 -7.99622227e-02 
 2.23030897e-03 -8.07962166e-02 
 2.23364197e-03 -8.15947777e-02 
 2.23697497e-03 -8.23575559e-02 
 2.24030797e-03 -8.30842165e-02 
 2.24364097e-03 -8.37744409e-02 
 2.24697397e-03 -8.44279264e-02 
 2.25030697e-03 -8.50443864e-02 
 2.25363997e-03 -8.56235506e-02 
 2.25697297e-03 -8.61651651e-02 
 2.26030597e-03 -8.66689921e-02 
 2.26363897e-03 -8.71348109e-02 
 2.26697197e-03 -8.75624172e-02 
 2.27030497e-03 -8.79516233e-02 
 2.27363797e-03 -8.83022587e-02 
 2.27697097e-03 -8.86141695e-02 
 2.28030397e-03 -8.88872190e-02 
 2.28363697e-03 -8.91212875e-02 
 2.28696997e-03 -8.93162722e-02 
 2.29030297e-03 -8.94720876e-02 
 2.29363597e-03 -8.95886655e-02 
 2.29696897e-03 -8.96659547e-02 
 2.30030197e-03 -8.97039214e-02 
 2.30363497e-03 -8.97025488e-02 
 2.30696797e-03 -8.96618375e-02 
 2.31030097e-03 -8.95818055e-02 
 2.31363397e-03 -8.94624878e-02 
 2.31696697e-03 -8.93039367e-02 
 2.32029997e-03 -8.91062218e-02 
 2.32363297e-03 -8.88694298e-02 
 2.32696597e-03 -8.85936645e-02 
 2.33029897e-03 -8.82790469e-02 
 2.33363197e-03 -8.79257149e-02 
 2.33696497e-03 -8.75338235e-02 
 2.34029797e-03 -8.71035446e-02 
 2.34363097e-03 -8.66350668e-02 
 2.34696397e-03 -8.61285956e-02 
 2.35029697e-03 -8.55843531e-02 
 2.35362997e-03 -8.50025780e-02 
 2.35696297e-03 -8.43835254e-02 
 2.36029597e-03 -8.37274668e-02 
 2.36362897e-03 -8.30346899e-02 
 2.36696197e-03 -8.23054986e-02 
 2.37029497e-03 -8.15402125e-02 
 2.37362797e-03 -8.07391674e-02 
 2.37696097e-03 -7.99027144e-02 
 2.38029397e-03 -7.90312206e-02 
 2.38362697e-03 -7.81250679e-02 
 2.38695997e-03 -7.71846539e-02 
 2.39029297e-03 -7.62103909e-02 
 2.39362597e-03 -7.52027061e-02 
 2.39695897e-03 -7.41620416e-02 
 2.40029197e-03 -7.30888537e-02 
 2.40362497e-03 -7.19836130e-02 
 2.40695797e-03 -7.08468042e-02 
 2.41029097e-03 -6.96789259e-02 
 2.41362397e-03 -6.84804902e-02 
 2.41695697e-03 -6.72520227e-02 
 2.42028997e-03 -6.59940622e-02 
 2.42362297e-03 -6.47071602e-02 
 2.42695597e-03 -6.33918813e-02 
 2.43028897e-03 -6.20488021e-02 
 2.43362197e-03 -6.06785117e-02 
 2.43695497e-03 -5.92816110e-02 
 2.44028797e-03 -5.78587127e-02 
 2.44362097e-03 -5.64104407e-02 
 2.44695397e-03 -5.49374302e-02 
 2.45028697e-03 -5.34403271e-02 
 2.45361997e-03 -5.19197880e-02 
 2.45695297e-03 -5.03764797e-02 
 2.46028597e-03 -4.88110790e-02 
 2.46361897e-03 -4.72242725e-02 
 2.46695197e-03 -4.56167560e-02 
 2.47028497e-03 -4.39892345e-02 
 2.47361797e-03 -4.23424217e-02 
 2.47695097e-03 -4.06770398e-02 
 2.48028397e-03 -3.89938193e-02 
 2.48361697e-03 -3.72934981e-02 
 2.48694997e-03 -3.55768221e-02 
 2.49028297e-03 -3.38445440e-02 
 2.49361597e-03 -3.20974235e-02 
 2.49694897e-03 -3.03362269e-02 
 2.50028197e-03 -2.85617265e-02 
 2.50361497e-03 -2.67747004e-02 
 2.50694797e-03 -2.49759324e-02 
 2.51028097e-03 -2.31662114e-02 
 2.51361397e-03 -2.13463309e-02 
 2.51694697e-03 -1.95170891e-02 
 2.52027997e-03 -1.76792881e-02 
 2.52361297e-03 -1.58337340e-02 
 2.52694597e-03 -1.39812361e-02 
 2.53027897e-03 -1.21226068e-02 
 2.53361197e-03 -1.02586611e-02 
 2.53694497e-03 -8.39021659e-03 
 2.54027797e-03 -6.51809256e-03 
 2.54361097e-03 -4.64311006e-03 
 2.54694397e-03 -2.76609135e-03 
 2.55027697e-03 -8.87859577e-04 
 2.55360997e-03  9.90761562e-04 
 2.55694297e-03  2.86894821e-03 
 2.56027597e-03  4.74587669e-03 
 2.56360897e-03  6.62072389e-03 
 2.56694197e-03  8.49266760e-03 
 2.57027497e-03  1.03608869e-02 
 2.57360797e-03  1.22245625e-02 
 2.57694097e-03  1.40828770e-02 
 2.58027397e-03  1.59350156e-02 
 2.58360697e-03  1.77801659e-02 
 2.58693997e-03  1.96175189e-02 
 2.59027297e-03  2.14462686e-02 
 2.59360597e-03  2.32656132e-02 
 2.59693897e-03  2.50747548e-02 
 2.60027197e-03  2.68728999e-02 
 2.60360497e-03  2.86592601e-02 
 2.60693797e-03  3.04330519e-02 
 2.61027097e-03  3.21934974e-02 
 2.61360397e-03  3.39398246e-02 
 2.61693697e-03  3.56712677e-02 
 2.62026997e-03  3.73870673e-02 
 2.62360297e-03  3.90864709e-02 
 2.62693597e-03  4.07687334e-02 
 2.63026897e-03  4.24331169e-02 
 2.63360197e-03  4.40788916e-02 
 2.63693497e-03  4.57053357e-02 
 2.64026797e-03  4.73117360e-02 
 2.64360097e-03  4.88973879e-02 
 2.64693397e-03  5.04615960e-02 
 2.65026697e-03  5.20036745e-02 
 2.65359997e-03  5.35229470e-02 
 2.65693297e-03  5.50187473e-02 
 2.66026597e-03  5.64904194e-02 
 2.66359897e-03  5.79373178e-02 
 2.66693197e-03  5.93588081e-02 
 2.67026497e-03  6.07542669e-02 
 2.67359797e-03  6.21230822e-02 
 2.67693097e-03  6.34646537e-02 
 2.68026397e-03  6.47783930e-02 
 2.68359697e-03  6.60637241e-02 
 2.68692997e-03  6.73200833e-02 
 2.69026297e-03  6.85469195e-02 
 2.69359597e-03  6.97436949e-02 
 2.69692897e-03  7.09098844e-02 
 2.70026197e-03  7.20449768e-02 
 2.70359497e-03  7.31484741e-02 
 2.70692797e-03  7.42198926e-02 
 2.71026097e-03  7.52587622e-02 
 2.71359397e-03  7.62646275e-02 
 2.71692697e-03  7.72370473e-02 
 2.72025997e-03  7.81755951e-02 
 2.72359297e-03  7.90798594e-02 
 2.72692597e-03  7.99494436e-02 
 2.73025897e-03  8.07839663e-02 
 2.73359197e-03  8.15830616e-02 
 2.73692497e-03  8.23463791e-02 
 2.74025797e-03  8.30735839e-02 
 2.74359097e-03  8.37643572e-02 
 2.74692397e-03  8.44183960e-02 
 2.75025697e-03  8.50354135e-02 
 2.75358997e-03  8.56151391e-02 
 2.75692297e-03  8.61573186e-02 
 2.76025597e-03  8.66617143e-02 
 2.76358897e-03  8.71281048e-02 
 2.76692197e-03  8.75562857e-02 
 2.77025497e-03  8.79460692e-02 
 2.77358797e-03  8.82972844e-02 
 2.77692097e-03  8.86097772e-02 
 2.78025397e-03  8.88834106e-02 
 2.78358697e-03  8.91180646e-02 
 2.78691997e-03  8.93136363e-02 
 2.79025297e-03  8.94700399e-02 
 2.79358597e-03  8.95872069e-02 
 2.79691897e-03  8.96650858e-02 
 2.80025197e-03  8.97036424e-02 
 2.80358497e-03  8.97028600e-02 
 2.80691797e-03  8.96627388e-02 
 2.81025097e-03  8.95832964e-02 
 2.81358397e-03  8.94645677e-02 
 2.81691697e-03  8.93066048e-02 
 2.82024997e-03  8.91094768e-02 
 2.82358297e-03  8.88732703e-02 
 2.82691597e-03  8.85980888e-02 
 2.83024897e-03  8.82840531e-02 
 2.83358197e-03  8.79313007e-02 
 2.83691497e-03  8.75399866e-02 
 2.84024797e-03  8.71102821e-02 
 2.84358097e-03  8.66423759e-02 
 2.84691397e-03  8.61364731e-02 
 2.85024697e-03  8.55927955e-02 
 2.85357997e-03  8.50115816e-02 
 2.85691297e-03  8.43930862e-02 
 2.86024597e-03  8.37375807e-02 
 2.86357897e-03  8.30453524e-02 
 2.86691197e-03  8.23167050e-02 
 2.87024497e-03  8.15519580e-02 
 2.87357797e-03  8.07514467e-02 
 2.87691097e-03  7.99155223e-02 
 2.88024397e-03  7.90445513e-02 
 2.88357697e-03  7.81389157e-02 
 2.88690997e-03  7.71990126e-02 
 2.89024297e-03  7.62252543e-02 
 2.89357597e-03  7.52180677e-02 
 2.89690897e-03  7.41778946e-02 
 2.90024197e-03  7.31051911e-02 
 2.90357497e-03  7.20004277e-02 
 2.90690797e-03  7.08640889e-02 
 2.91024097e-03  6.96966729e-02 
 2.91357397e-03  6.84986917e-02 
 2.91690697e-03  6.72706708e-02 
 2.92023997e-03  6.60131487e-02 
 2.92357297e-03  6.47266768e-02 
 2.92690597e-03  6.34118193e-02 
 2.93023897e-03  6.20691528e-02 
 2.93357197e-03  6.06992662e-02 
 2.93690497e-03  5.93027603e-02 
 2.94023797e-03  5.78802474e-02 
 2.94357097e-03  5.64323513e-02 
 2.94690397e-03  5.49597072e-02 
 2.95023697e-03  5.34629607e-02 
 2.95356997e-03  5.19427682e-02 
 2.95690297e-03  5.03997966e-02 
 2.96023597e-03  4.88347223e-02 
 2.96356897e-03  4.72482318e-02 
 2.96690197e-03  4.56410208e-02 
 2.97023497e-03  4.40137941e-02 
 2.97356797e-03  4.23672654e-02 
 2.97690097e-03  4.07021567e-02 
 2.98023397e-03  3.90191983e-02 
 2.98356697e-03  3.73191282e-02 
 2.98689997e-03  3.56026919e-02 
 2.99023297e-03  3.38706423e-02 
 2.99356597e-03  3.21237389e-02 
 2.99689897e-03  3.03627477e-02 
 3.00023197e-03  2.85884411e-02 
 3.00356497e-03  2.68015972e-02 
 3.00689797e-03  2.50029996e-02 
 3.01023097e-03  2.31934370e-02 
 3.01356397e-03  2.13737030e-02 
 3.01689697e-03  1.95445957e-02 
 3.02022997e-03  1.77069172e-02 
 3.02356297e-03  1.58614734e-02 
 3.02689597e-03  1.40090737e-02 
 3.03022897e-03  1.21505303e-02 
 3.03356197e-03  1.02866584e-02 
 3.03689497e-03  8.41827529e-03 
 3.04022797e-03  6.54620041e-03 
 3.04356097e-03  4.67125471e-03 
 3.04689397e-03  2.79426047e-03 
 3.05022697e-03  9.16040807e-04 
 3.05355997e-03 -9.62580577e-04 
 3.05689297e-03 -2.84077983e-03 
 3.06022597e-03 -4.71773326e-03 
 3.06355897e-03 -6.59261776e-03 
 3.06689197e-03 -8.46461110e-03 
 3.07022497e-03 -1.03328923e-02 
 3.07355797e-03 -1.21966421e-02 
 3.07689097e-03 -1.40550431e-02 
 3.08022397e-03 -1.59072803e-02 
 3.08355697e-03 -1.77525415e-02 
 3.08688997e-03 -1.95900174e-02 
 3.09022297e-03 -2.14189021e-02 
 3.09355597e-03 -2.32383937e-02 
 3.09688897e-03 -2.50476942e-02 
 3.10022197e-03 -2.68460102e-02 
 3.10355497e-03 -2.86325529e-02 
 3.10688797e-03 -3.04065390e-02 
 3.11022097e-03 -3.21671905e-02 
 3.11355397e-03 -3.39137352e-02 
 3.11688697e-03 -3.56454071e-02 
 3.12021997e-03 -3.73614470e-02 
 3.12355297e-03 -3.90611021e-02 
 3.12688597e-03 -4.07436272e-02 
 3.13021897e-03 -4.24082844e-02 
 3.13355197e-03 -4.40543436e-02 
 3.13688497e-03 -4.56810830e-02 
 3.14021797e-03 -4.72877891e-02 
 3.14355097e-03 -4.88737574e-02 
 3.14688397e-03 -5.04382924e-02 
 3.15021697e-03 -5.19807079e-02 
 3.15354997e-03 -5.35003274e-02 
 3.15688297e-03 -5.49964847e-02 
 3.16021597e-03 -5.64685235e-02 
 3.16354897e-03 -5.79157983e-02 
 3.16688197e-03 -5.93376744e-02 
 3.17021497e-03 -6.07335283e-02 
 3.17354797e-03 -6.21027477e-02 
 3.17688097e-03 -6.34447323e-02 
 3.18021397e-03 -6.47588934e-02 
 3.18354697e-03 -6.60446549e-02 
 3.18687997e-03 -6.73014528e-02 
 3.19021297e-03 -6.85287359e-02 
 3.19354597e-03 -6.97259661e-02 
 3.19687897e-03 -7.08926183e-02 
 3.20021197e-03 -7.20281809e-02 
 3.20354497e-03 -7.31321558e-02 
 3.20687797e-03 -7.42040590e-02 
 3.21021097e-03 -7.52434204e-02 
 3.21354397e-03 -7.62497840e-02 
 3.21687697e-03 -7.72227087e-02 
 3.22020997e-03 -7.81617678e-02 
 3.22354297e-03 -7.90665494e-02 
 3.22687597e-03 -7.99366566e-02 
 3.23020897e-03 -8.07717081e-02 
 3.23354197e-03 -8.15713375e-02 
 3.23687497e-03 -8.23351942e-02 
 3.24020797e-03 -8.30629431e-02 
 3.24354097e-03 -8.37542652e-02 
 3.24687397e-03 -8.44088572e-02 
 3.25020697e-03 -8.50264322e-02 
 3.25353997e-03 -8.56067192e-02 
 3.25687297e-03 -8.61494637e-02 
 3.26020597e-03 -8.66544278e-02 
 3.26353897e-03 -8.71213901e-02 
 3.26687197e-03 -8.75501456e-02 
 3.27020497e-03 -8.79405064e-02 
 3.27353797e-03 -8.82923014e-02 
 3.27687097e-03 -8.86053761e-02 
 3.28020397e-03 -8.88795934e-02 
 3.28353697e-03 -8.91148330e-02 
 3.28686997e-03 -8.93109916e-02 
 3.29020297e-03 -8.94679834e-02 
 3.29353597e-03 -8.95857393e-02 
 3.29686897e-03 -8.96642079e-02 
 3.30020197e-03 -8.97033547e-02 
 3.30353497e-03 -8.97031624e-02 
 3.30686797e-03 -8.96636313e-02 
 3.31020097e-03 -8.95847786e-02 
 3.31353397e-03 -8.94666389e-02 
 3.31686697e-03 -8.93092640e-02 
 3.32019997e-03 -8.91127230e-02 
 3.32353297e-03 -8.88771020e-02 
 3.32686597e-03 -8.86025043e-02 
 3.33019897e-03 -8.82890505e-02 
 3.33353197e-03 -8.79368779e-02 
 3.33686497e-03 -8.75461410e-02 
 3.34019797e-03 -8.71170111e-02 
 3.34353097e-03 -8.66496765e-02 
 3.34686397e-03 -8.61443420e-02 
 3.35019697e-03 -8.56012294e-02 
 3.35352997e-03 -8.50205767e-02 
 3.35686297e-03 -8.44026387e-02 
 3.36019597e-03 -8.37476863e-02 
 3.36352897e-03 -8.30560067e-02 
 3.36686197e-03 -8.23279033e-02 
 3.37019497e-03 -8.15636954e-02 
 3.37352797e-03 -8.07637181e-02 
 3.37686097e-03 -7.99283223e-02 
 3.38019397e-03 -7.90578743e-02 
 3.38352697e-03 -7.81527558e-02 
 3.38685997e-03 -7.72133638e-02 
 3.39019297e-03 -7.62401102e-02 
 3.39352597e-03 -7.52334219e-02 
 3.39685897e-03 -7.41937403e-02 
 3.40019197e-03 -7.31215214e-02 
 3.40352497e-03 -7.20172353e-02 
 3.40685797e-03 -7.08813665e-02 
 3.41019097e-03 -6.97144130e-02 
 3.41352397e-03 -6.85168865e-02 
 3.41685697e-03 -6.72893123e-02 
 3.42018997e-03 -6.60322287e-02 
 3.42352297e-03 -6.47461869e-02 
 3.42685597e-03 -6.34317510e-02 
 3.43018897e-03 -6.20894974e-02 
 3.43352197e-03 -6.07200148e-02 
 3.43685497e-03 -5.93239037e-02 
 3.44018797e-03 -5.79017763e-02 
 3.44352097e-03 -5.64542564e-02 
 3.44685397e-03 -5.49819787e-02 
 3.45018697e-03 -5.34855890e-02 
 3.45351997e-03 -5.19657434e-02 
 3.45685297e-03 -5.04231085e-02 
 3.46018597e-03 -4.88583607e-02 
 3.46351897e-03 -4.72721863e-02 
 3.46685197e-03 -4.56652810e-02 
 3.47018497e-03 -4.40383493e-02 
 3.47351797e-03 -4.23921049e-02 
 3.47685097e-03 -4.07272695e-02 
 3.48018397e-03 -3.90445735e-02 
 3.48351697e-03 -3.73447546e-02 
 3.48684997e-03 -3.56285583e-02 
 3.49018297e-03 -3.38967373e-02 
 3.49351597e-03 -3.21500510e-02 
 3.49684897e-03 -3.03892655e-02 
 3.50018197e-03 -2.86151530e-02 
 3.50351497e-03 -2.68284913e-02 
 3.50684797e-03 -2.50300642e-02 
 3.51018097e-03 -2.32206603e-02 
 3.51351397e-03 -2.14010730e-02 
 3.51684697e-03 -1.95721004e-02 
 3.52017997e-03 -1.77345445e-02 
 3.52351297e-03 -1.58892113e-02 
 3.52684597e-03 -1.40369099e-02 
 3.53017897e-03 -1.21784527e-02 
 3.53351197e-03 -1.03146546e-02 
 3.53684497e-03 -8.44633317e-03 
 3.54017797e-03 -6.57430760e-03 
 3.54351097e-03 -4.69939890e-03 
 3.54684397e-03 -2.82242931e-03 
 3.55017697e-03 -9.44221947e-04 
 3.55350997e-03  9.34399498e-04 
 3.55684297e-03  2.81261117e-03 
 3.56017597e-03  4.68958938e-03 
 3.56350897e-03  6.56451099e-03 
 3.56684197e-03  8.43655377e-03 
 3.57017497e-03  1.03048967e-02 
 3.57350797e-03  1.21687205e-02 
 3.57684097e-03  1.40272078e-02 
 3.58017397e-03  1.58795435e-02 
 3.58350697e-03  1.77249153e-02 
 3.58683997e-03  1.95625139e-02 
 3.59017297e-03  2.13915335e-02 
 3.59350597e-03  2.32111719e-02 
 3.59683897e-03  2.50206312e-02 
 3.60017197e-03  2.68191178e-02 
 3.60350497e-03  2.86058429e-02 
 3.60683797e-03  3.03800232e-02 
 3.61017097e-03  3.21408804e-02 
 3.61350397e-03  3.38876423e-02 
 3.61683697e-03  3.56195431e-02 
 3.62016997e-03  3.73358230e-02 
 3.62350297e-03  3.90357294e-02 
 3.62683597e-03  4.07185170e-02 
 3.63016897e-03  4.23834476e-02 
 3.63350197e-03  4.40297912e-02 
 3.63683497e-03  4.56568257e-02 
 3.64016797e-03  4.72638376e-02 
 3.64350097e-03  4.88501221e-02 
 3.64683397e-03  5.04149837e-02 
 3.65016697e-03  5.19577360e-02 
 3.65349997e-03  5.34777026e-02 
 3.65683297e-03  5.49742167e-02 
 3.66016597e-03  5.64466221e-02 
 3.66349897e-03  5.78942731e-02 
 3.66683197e-03  5.93165349e-02 
 3.67016497e-03  6.07127836e-02 
 3.67349797e-03  6.20824071e-02 
 3.67683097e-03  6.34248046e-02 
 3.68016397e-03  6.47393874e-02 
 3.68349697e-03  6.60255791e-02 
 3.68682997e-03  6.72828156e-02 
 3.69016297e-03  6.85105456e-02 
 3.69349597e-03  6.97082305e-02 
 3.69682897e-03  7.08753452e-02 
 3.70016197e-03  7.20113779e-02 
 3.70349497e-03  7.31158303e-02 
 3.70682797e-03  7.41882181e-02 
 3.71016097e-03  7.52280711e-02 
 3.71349397e-03  7.62349330e-02 
 3.71682697e-03  7.72083626e-02 
 3.72015997e-03  7.81479327e-02 
 3.72349297e-03  7.90532315e-02 
 3.72682597e-03  7.99238618e-02 
 3.73015897e-03  8.07594419e-02 
 3.73349197e-03  8.15596053e-02 
 3.73682497e-03  8.23240011e-02 
 3.74015797e-03  8.30522941e-02 
 3.74349097e-03  8.37441650e-02 
 3.74682397e-03  8.43993102e-02 
 3.75015697e-03  8.50174425e-02 
 3.75348997e-03  8.55982907e-02 
 3.75682297e-03  8.61416003e-02 
 3.76015597e-03  8.66471328e-02 
 3.76348897e-03  8.71146667e-02 
 3.76682197e-03  8.75439968e-02 
 3.77015497e-03  8.79349350e-02 
 3.77348797e-03  8.82873096e-02 
 3.77682097e-03  8.86009663e-02 
 3.78015397e-03  8.88757674e-02 
 3.78348697e-03  8.91115925e-02 
 3.78681997e-03  8.93083381e-02 
 3.79015297e-03  8.94659180e-02 
 3.79348597e-03  8.95842630e-02 
 3.79681897e-03  8.96633212e-02 
 3.80015197e-03  8.97030580e-02 
 3.80348497e-03  8.97034560e-02 
 3.80681797e-03  8.96645149e-02 
 3.81015097e-03  8.95862518e-02 
 3.81348397e-03  8.94687012e-02 
 3.81681697e-03  8.93119144e-02 
 3.82014997e-03  8.91159603e-02 
 3.82348297e-03  8.88809249e-02 
 3.82681597e-03  8.86069111e-02 
 3.83014897e-03  8.82940392e-02 
 3.83348197e-03  8.79424463e-02 
 3.83681497e-03  8.75522867e-02 
 3.84014797e-03  8.71237314e-02 
 3.84348097e-03  8.66569685e-02 
 3.84681397e-03  8.61522025e-02 
 3.85014697e-03  8.56096549e-02 
 3.85347997e-03  8.50295635e-02 
 3.85681297e-03  8.44121829e-02 
 3.86014597e-03  8.37577837e-02 
 3.86347897e-03  8.30666529e-02 
 3.86681197e-03  8.23390936e-02 
 3.87014497e-03  8.15754248e-02 
 3.87347797e-03  8.07759816e-02 
 3.87681097e-03  7.99411144e-02 
 3.88014397e-03  7.90711894e-02 
 3.88347697e-03  7.81665881e-02 
 3.88680997e-03  7.72277073e-02 
 3.89014297e-03  7.62549586e-02 
 3.89347597e-03  7.52487686e-02 
 3.89680897e-03  7.42095786e-02 
 3.90014197e-03  7.31378444e-02 
 3.90347497e-03  7.20340359e-02 
 3.90680797e-03  7.08986372e-02 
 3.91014097e-03  6.97321462e-02 
 3.91347397e-03  6.85350745e-02 
 3.91680697e-03  6.73079471e-02 
 3.92013997e-03  6.60513022e-02 
 3.92347297e-03  6.47656907e-02 
 3.92680597e-03  6.34516765e-02 
 3.93013897e-03  6.21098359e-02 
 3.93347197e-03  6.07407573e-02 
 3.93680497e-03  5.93450412e-02 
 3.94013797e-03  5.79232995e-02 
 3.94347097e-03  5.64761559e-02 
 3.94680397e-03  5.50042449e-02 
 3.95013697e-03  5.35082120e-02 
 3.95346997e-03  5.19887134e-02 
 3.95680297e-03  5.04464154e-02 
 3.96013597e-03  4.88819943e-02 
 3.96346897e-03  4.72961363e-02 
 3.96680197e-03  4.56895367e-02 
 3.97013497e-03  4.40629002e-02 
 3.97346797e-03  4.24169402e-02 
 3.97680097e-03  4.07523784e-02 
 3.98013397e-03  3.90699448e-02 
 3.98346697e-03  3.73703773e-02 
 3.98679997e-03  3.56544212e-02 
 3.99013297e-03  3.39228290e-02 
 3.99346597e-03  3.21763601e-02 
 3.99679897e-03  3.04157804e-02 
 4.00013197e-03  2.86418620e-02 
 4.00346497e-03  2.68553828e-02 
 4.00679797e-03  2.50571264e-02 
 4.01013097e-03  2.32478813e-02 
 4.01346397e-03  2.14284409e-02 
 4.01679697e-03  1.95996031e-02 
 4.02012997e-03  1.77621701e-02 
 4.02346297e-03  1.59169475e-02 
 4.02679597e-03  1.40647447e-02 
 4.03012897e-03  1.22063738e-02 
 4.03346197e-03  1.03426499e-02 
 4.03679497e-03  8.47439021e-03 
 4.04012797e-03  6.60241415e-03 
 4.04346097e-03  4.72754263e-03 
 4.04679397e-03  2.85059787e-03 
 4.05012697e-03  9.72402994e-04 
 4.05345997e-03 -9.06218326e-04 
 4.05679297e-03 -2.78444223e-03 
 4.06012597e-03 -4.66144503e-03 
 4.06345897e-03 -6.53640357e-03 
 4.06679197e-03 -8.40849560e-03 
 4.07012497e-03 -1.02769001e-02 
 4.07345797e-03 -1.21407978e-02 
 4.07679097e-03 -1.39993711e-02 
 4.08012397e-03 -1.58518051e-02 
 4.08345697e-03 -1.76972874e-02 
 4.08678997e-03 -1.95350086e-02 
 4.09012297e-03 -2.13641628e-02 
 4.09345597e-03 -2.31839478e-02 
 4.09678897e-03 -2.49935657e-02 
 4.10012197e-03 -2.67922227e-02 
 4.10345497e-03 -2.85791301e-02 
 4.10678797e-03 -3.03535043e-02 
 4.11012097e-03 -3.21145671e-02 
 4.11345397e-03 -3.38615462e-02 
 4.11678697e-03 -3.55936755e-02 
 4.12011997e-03 -3.73101953e-02 
 4.12345297e-03 -3.90103529e-02 
 4.12678597e-03 -4.06934027e-02 
 4.13011897e-03 -4.23586067e-02 
 4.13345197e-03 -4.40052344e-02 
 4.13678497e-03 -4.56325639e-02 
 4.14011797e-03 -4.72398814e-02 
 4.14345097e-03 -4.88264820e-02 
 4.14678397e-03 -5.03916701e-02 
 4.15011697e-03 -5.19347591e-02 
 4.15344997e-03 -5.34550724e-02 
 4.15678297e-03 -5.49519432e-02 
 4.16011597e-03 -5.64247151e-02 
 4.16344897e-03 -5.78727422e-02 
 4.16678197e-03 -5.92953894e-02 
 4.17011497e-03 -6.06920330e-02 
 4.17344797e-03 -6.20620603e-02 
 4.17678097e-03 -6.34048706e-02 
 4.18011397e-03 -6.47198751e-02 
 4.18344697e-03 -6.60064969e-02 
 4.18677997e-03 -6.72641718e-02 
 4.19011297e-03 -6.84923484e-02 
 4.19344597e-03 -6.96904880e-02 
 4.19677897e-03 -7.08580651e-02 
 4.20011197e-03 -7.19945678e-02 
 4.20344497e-03 -7.30994976e-02 
 4.20677797e-03 -7.41723699e-02 
 4.21011097e-03 -7.52127143e-02 
 4.21344397e-03 -7.62200745e-02 
 4.21677697e-03 -7.71940088e-02 
 4.22010997e-03 -7.81340900e-02 
 4.22344297e-03 -7.90399058e-02 
 4.22677597e-03 -7.99110591e-02 
 4.23010897e-03 -8.07471677e-02 
 4.23344197e-03 -8.15478650e-02 
 4.23677497e-03 -8.23128000e-02 
 4.24010797e-03 -8.30416370e-02 
 4.24344097e-03 -8.37340565e-02 
 4.24677397e-03 -8.43897548e-02 
 4.25010697e-03 -8.50084443e-02 
 4.25343997e-03 -8.55898539e-02 
 4.25677297e-03 -8.61337284e-02 
 4.26010597e-03 -8.66398293e-02 
 4.26343897e-03 -8.71079348e-02 
 4.26677197e-03 -8.75378394e-02 
 4.27010497e-03 -8.79293548e-02 
 4.27343797e-03 -8.82823092e-02 
 4.27677097e-03 -8.85965477e-02 
 4.28010397e-03 -8.88719327e-02 
 4.28343697e-03 -8.91083433e-02 
 4.28676997e-03 -8.93056758e-02 
 4.29010297e-03 -8.94638438e-02 
 4.29343597e-03 -8.95827778e-02 
 4.29676897e-03 -8.96624257e-02 
 4.30010197e-03 -8.97027525e-02 
 4.30343497e-03 -8.97037407e-02 
 4.30676797e-03 -8.96653896e-02 
 4.31010097e-03 -8.95877163e-02 
 4.31343397e-03 -8.94707546e-02 
 4.31676697e-03 -8.93145560e-02 
 4.32009997e-03 -8.91191889e-02 
 4.32343297e-03 -8.88847390e-02 
 4.32676597e-03 -8.86113091e-02 
 4.33009897e-03 -8.82990192e-02 
 4.33343197e-03 -8.79480061e-02 
 4.33676497e-03 -8.75584238e-02 
 4.34009797e-03 -8.71304432e-02 
 4.34343097e-03 -8.66642519e-02 
 4.34676397e-03 -8.61600545e-02 
 4.35009697e-03 -8.56180719e-02 
 4.35342997e-03 -8.50385419e-02 
 4.35676297e-03 -8.44217187e-02 
 4.36009597e-03 -8.37678728e-02 
 4.36342897e-03 -8.30772908e-02 
 4.36676197e-03 -8.23502756e-02 
 4.37009497e-03 -8.15871462e-02 
 4.37342797e-03 -8.07882370e-02 
 4.37676097e-03 -7.99538986e-02 
 4.38009397e-03 -7.90844968e-02 
 4.38342697e-03 -7.81804128e-02 
 4.38675997e-03 -7.72420432e-02 
 4.39009297e-03 -7.62697994e-02 
 4.39342597e-03 -7.52641079e-02 
 4.39675897e-03 -7.42254096e-02 
 4.40009197e-03 -7.31541601e-02 
 4.40342497e-03 -7.20508293e-02 
 4.40675797e-03 -7.09159008e-02 
 4.41009097e-03 -6.97498726e-02 
 4.41342397e-03 -6.85532558e-02 
 4.41675697e-03 -6.73265753e-02 
 4.42008997e-03 -6.60703691e-02 
 4.42342297e-03 -6.47851881e-02 
 4.42675597e-03 -6.34715957e-02 
 4.43008897e-03 -6.21301683e-02 
 4.43342197e-03 -6.07614939e-02 
 4.43675497e-03 -5.93661728e-02 
 4.44008797e-03 -5.79448170e-02 
 4.44342097e-03 -5.64980498e-02 
 4.44675397e-03 -5.50265056e-02 
 4.45008697e-03 -5.35308298e-02 
 4.45341997e-03 -5.20116783e-02 
 4.45675297e-03 -5.04697173e-02 
 4.46008597e-03 -4.89056231e-02 
 4.46341897e-03 -4.73200815e-02 
 4.46675197e-03 -4.57137879e-02 
 4.47008497e-03 -4.40874468e-02 
 4.47341797e-03 -4.24417713e-02 
 4.47675097e-03 -4.07774832e-02 
 4.48008397e-03 -3.90953123e-02 
 4.48341697e-03 -3.73959963e-02 
 4.48674997e-03 -3.56802805e-02 
 4.49008297e-03 -3.39489173e-02 
 4.49341597e-03 -3.22026659e-02 
 4.49674897e-03 -3.04422922e-02 
 4.50008197e-03 -2.86685682e-02 
 4.50341497e-03 -2.68822717e-02 
 4.50674797e-03 -2.50841861e-02 
 4.51008097e-03 -2.32751000e-02 
 4.51341397e-03 -2.14558066e-02 
 4.51674697e-03 -1.96271040e-02 
 4.52007997e-03 -1.77897939e-02 
 4.52341297e-03 -1.59446823e-02 
 4.52674597e-03 -1.40925781e-02 
 4.53007897e-03 -1.22342937e-02 
 4.53341197e-03 -1.03706441e-02 
 4.53674497e-03 -8.50244642e-03 
 4.54007797e-03 -6.63052004e-03 
 4.54341097e-03 -4.75568589e-03 
 4.54674397e-03 -2.87876615e-03 
 4.55007697e-03 -1.00058394e-03 
 4.55340997e-03  8.78037065e-04 
 4.55674297e-03  2.75627301e-03 
 4.56007597e-03  4.63330021e-03 
 4.56340897e-03  6.50829550e-03 
 4.56674197e-03  8.38043661e-03 
 4.57007497e-03  1.02489025e-02 
 4.57340797e-03  1.21128738e-02 
 4.57674097e-03  1.39715331e-02 
 4.58007397e-03  1.58240652e-02 
 4.58340697e-03  1.76696577e-02 
 4.58673997e-03  1.95075013e-02 
 4.59007297e-03  2.13367899e-02 
 4.59340597e-03  2.31567214e-02 
 4.59673897e-03  2.49664977e-02 
 4.60007197e-03  2.67653250e-02 
 4.60340497e-03  2.85524145e-02 
 4.60673797e-03  3.03269824e-02 
 4.61007097e-03  3.20882506e-02 
 4.61340397e-03  3.38354467e-02 
 4.61673697e-03  3.55678044e-02 
 4.62006997e-03  3.72845639e-02 
 4.62340297e-03  3.89849726e-02 
 4.62673597e-03  4.06682845e-02 
 4.63006897e-03  4.23337615e-02 
 4.63340197e-03  4.39806733e-02 
 4.63673497e-03  4.56082976e-02 
 4.64006797e-03  4.72159205e-02 
 4.64340097e-03  4.88028371e-02 
 4.64673397e-03  5.03683515e-02 
 4.65006697e-03  5.19117771e-02 
 4.65339997e-03  5.34324370e-02 
 4.65673297e-03  5.49296643e-02 
 4.66006597e-03  5.64028025e-02 
 4.66339897e-03  5.78512055e-02 
 4.66673197e-03  5.92742382e-02 
 4.67006497e-03  6.06712764e-02 
 4.67339797e-03  6.20417075e-02 
 4.67673097e-03  6.33849305e-02 
 4.68006397e-03  6.47003563e-02 
 4.68339697e-03  6.59874081e-02 
 4.68672997e-03  6.72455214e-02 
 4.69006297e-03  6.84741445e-02 
 4.69339597e-03  6.96727386e-02 
 4.69672897e-03  7.08407780e-02 
 4.70006197e-03  7.19777506e-02 
 4.70339497e-03  7.30831576e-02 
 4.70672797e-03  7.41565144e-02 
 4.71006097e-03  7.51973502e-02 
 4.71339397e-03  7.62052085e-02 
 4.71672697e-03  7.71796474e-02 
 4.72005997e-03  7.81202395e-02 
 4.72339297e-03  7.90265723e-02 
 4.72672597e-03  7.98982484e-02 
 4.73005897e-03  8.07348855e-02 
 4.73339197e-03  8.15361167e-02 
 4.73672497e-03  8.23015907e-02 
 4.74005797e-03  8.30309716e-02 
 4.74339097e-03  8.37239397e-02 
 4.74672397e-03  8.43801910e-02 
 4.75005697e-03  8.49994379e-02 
 4.75338997e-03  8.55814086e-02 
 4.75672297e-03  8.61258479e-02 
 4.76005597e-03  8.66325172e-02 
 4.76338897e-03  8.71011942e-02 
 4.76672197e-03  8.75316734e-02 
 4.77005497e-03  8.79237660e-02 
 4.77338797e-03  8.82773000e-02 
 4.77672097e-03  8.85921204e-02 
 4.78005397e-03  8.88680892e-02 
 4.78338697e-03  8.91050852e-02 
 4.78671997e-03  8.93030047e-02 
 4.79005297e-03  8.94617607e-02 
 4.79338597e-03  8.95812837e-02 
 4.79671897e-03  8.96615213e-02 
 4.80005197e-03  8.97024382e-02 
 4.80338497e-03  8.97040165e-02 
 4.80671797e-03  8.96662556e-02 
 4.81005097e-03  8.95891719e-02 
 4.81338397e-03  8.94727993e-02 
 4.81671697e-03  8.93171888e-02 
 4.82004997e-03  8.91224087e-02 
 4.82338297e-03  8.88885444e-02 
 4.82671597e-03  8.86156984e-02 
 4.83004897e-03  8.83039904e-02 
 4.83338197e-03  8.79535572e-02 
 4.83671497e-03  8.75645523e-02 
 4.84004797e-03  8.71371463e-02 
 4.84338097e-03  8.66715268e-02 
 4.84671397e-03  8.61678979e-02 
 4.85004697e-03  8.56264805e-02 
 4.85337997e-03  8.50475119e-02 
 4.85671297e-03  8.44312462e-02 
 4.86004597e-03  8.37779536e-02 
 4.86337897e-03  8.30879205e-02 
 4.86671197e-03  8.23614496e-02 
 4.87004497e-03  8.15988595e-02 
 4.87337797e-03  8.08004845e-02 
 4.87671097e-03  7.99666749e-02 
 4.88004397e-03  7.90977963e-02 
 4.88337697e-03  7.81942297e-02 
 4.88670997e-03  7.72563714e-02 
 4.89004297e-03  7.62846327e-02 
 4.89337597e-03  7.52794397e-02 
 4.89670897e-03  7.42412333e-02 
 4.90004197e-03  7.31704687e-02 
 4.90337497e-03  7.20676156e-02 
 4.90670797e-03  7.09331575e-02 
 4.91004097e-03  6.97675920e-02 
 4.91337397e-03  6.85714303e-02 
 4.91670697e-03  6.73451969e-02 
 4.92003997e-03  6.60894296e-02 
 4.92337297e-03  6.48046790e-02 
 4.92670597e-03  6.34915087e-02 
 4.93003897e-03  6.21504945e-02 
 4.93337197e-03  6.07822244e-02 
 4.93670497e-03  5.93872986e-02 
 4.94003797e-03  5.79663288e-02 
 4.94337097e-03  5.65199381e-02 
 4.94670397e-03  5.50487609e-02 
 4.95003697e-03  5.35534423e-02 
 4.95336997e-03  5.20346380e-02 
 4.95670297e-03  5.04930143e-02 
 4.96003597e-03  4.89292470e-02 
 4.96336897e-03  4.73440221e-02 
 4.96670197e-03  4.57380346e-02 
 4.97003497e-03  4.41119890e-02 
 4.97336797e-03  4.24665982e-02 
 4.97670097e-03  4.08025839e-02 
 4.98003397e-03  3.91206759e-02 
 4.98336697e-03  3.74216116e-02 
 4.98669997e-03  3.57061363e-02 
 4.99003297e-03  3.39750022e-02 
 4.99336597e-03  3.22289685e-02 
 4.99669897e-03  3.04688010e-02 
 5.00003197e-03  2.86952715e-02 
 5.00336497e-03  2.69091579e-02 
 5.00669797e-03  2.51112433e-02 
 5.01003097e-03  2.33023164e-02 
 5.01336397e-03  2.14831703e-02 
 5.01669697e-03  1.96546029e-02 
 5.02002997e-03  1.78174160e-02 
 5.02336297e-03  1.59724154e-02 
 5.02669597e-03  1.41204102e-02 
 5.03002897e-03  1.22622125e-02 
 5.03336197e-03  1.03986373e-02 
 5.03669497e-03  8.53050178e-03 
 5.04002797e-03  6.65862529e-03 
 5.04336097e-03  4.78382868e-03 
 5.04669397e-03  2.90693415e-03 
 5.05002697e-03  1.02876480e-03 
 5.05335997e-03 -8.49855717e-04 
 5.05669297e-03 -2.72810353e-03 
 5.06002597e-03 -4.60515495e-03 
 5.06335897e-03 -6.48018679e-03 
 5.06669197e-03 -8.35237678e-03 
 5.07002497e-03 -1.02209039e-02 
 5.07335797e-03 -1.20849486e-02 
 5.07669097e-03 -1.39436936e-02 
 5.08002397e-03 -1.57963236e-02 
 5.08335697e-03 -1.76420263e-02 
 5.08668997e-03 -1.94799921e-02 
 5.09002297e-03 -2.13094150e-02 
 5.09335597e-03 -2.31294928e-02 
 5.09668897e-03 -2.49394272e-02 
 5.10002197e-03 -2.67384246e-02 
 5.10335497e-03 -2.85256960e-02 
 5.10668797e-03 -3.03004576e-02 
 5.11002097e-03 -3.20619310e-02 
 5.11335397e-03 -3.38093438e-02 
 5.11668697e-03 -3.55419298e-02 
 5.12001997e-03 -3.72589289e-02 
 5.12335297e-03 -3.89595883e-02 
 5.12668597e-03 -4.06431622e-02 
 5.13001897e-03 -4.23089122e-02 
 5.13335197e-03 -4.39561079e-02 
 5.13668497e-03 -4.55840268e-02 
 5.14001797e-03 -4.71919550e-02 
 5.14335097e-03 -4.87791874e-02 
 5.14668397e-03 -5.03450279e-02 
 5.15001697e-03 -5.18887899e-02 
 5.15334997e-03 -5.34097962e-02 
 5.15668297e-03 -5.49073800e-02 
 5.16001597e-03 -5.63808844e-02 
 5.16334897e-03 -5.78296632e-02 
 5.16668197e-03 -5.92530811e-02 
 5.17001497e-03 -6.06505138e-02 
 5.17334797e-03 -6.20213485e-02 
 5.17668097e-03 -6.33649840e-02 
 5.18001397e-03 -6.46808311e-02 
 5.18334697e-03 -6.59683128e-02 
 5.18667997e-03 -6.72268643e-02 
 5.19001297e-03 -6.84559338e-02 
 5.19334597e-03 -6.96549823e-02 
 5.19667897e-03 -7.08234840e-02 
 5.20001197e-03 -7.19609263e-02 
 5.20334497e-03 -7.30668105e-02 
 5.20667797e-03 -7.41406515e-02 
 5.21001097e-03 -7.51819786e-02 
 5.21334397e-03 -7.61903349e-02 
 5.21667697e-03 -7.71652783e-02 
 5.22000997e-03 -7.81063813e-02 
 5.22334297e-03 -7.90132311e-02 
 5.22667597e-03 -7.98854299e-02 
 5.23000897e-03 -8.07225954e-02 
 5.23334197e-03 -8.15243604e-02 
 5.23667497e-03 -8.22903732e-02 
 5.24000797e-03 -8.30202980e-02 
 5.24334097e-03 -8.37138147e-02 
 5.24667397e-03 -8.43706190e-02 
 5.25000697e-03 -8.49904230e-02 
 5.25333997e-03 -8.55729548e-02 
 5.25667297e-03 -8.61179590e-02 
 5.26000597e-03 -8.66251966e-02 
 5.26333897e-03 -8.70944451e-02 
 5.26667197e-03 -8.75254987e-02 
 5.27000497e-03 -8.79181685e-02 
 5.27333797e-03 -8.82722821e-02 
 5.27667097e-03 -8.85876844e-02 
 5.28000397e-03 -8.88642369e-02 
 5.28333697e-03 -8.91018184e-02 
 5.28666997e-03 -8.93003248e-02 
 5.29000297e-03 -8.94596689e-02 
 5.29333597e-03 -8.95797809e-02 
 5.29666897e-03 -8.96606080e-02 
 5.30000197e-03 -8.97021150e-02 
 5.30333497e-03 -8.97042835e-02 
 5.30666797e-03 -8.96671126e-02 
 5.31000097e-03 -8.95906186e-02 
 5.31333397e-03 -8.94748351e-02 
 5.31666697e-03 -8.93198128e-02 
 5.31999997e-03 -8.91256197e-02 
 5.32333297e-03 -8.88923410e-02 
 5.32666597e-03 -8.86200790e-02 
 5.32999897e-03 -8.83089530e-02 
 5.33333197e-03 -8.79590996e-02 
 5.33666497e-03 -8.75706721e-02 
 5.33999797e-03 -8.71438409e-02 
 5.34333097e-03 -8.66787932e-02 
 5.34666397e-03 -8.61757329e-02 
 5.34999697e-03 -8.56348806e-02 
 5.35332997e-03 -8.50564736e-02 
 5.35666297e-03 -8.44407654e-02 
 5.35999597e-03 -8.37880261e-02 
 5.36332897e-03 -8.30985420e-02 
 5.36666197e-03 -8.23726154e-02 
 5.36999497e-03 -8.16105647e-02 
 5.37332797e-03 -8.08127241e-02 
 5.37666097e-03 -7.99794434e-02 
 5.37999397e-03 -7.91110881e-02 
 5.38332697e-03 -7.82080390e-02 
 5.38665997e-03 -7.72706921e-02 
 5.38999297e-03 -7.62994585e-02 
 5.39332597e-03 -7.52947642e-02 
 5.39665897e-03 -7.42570496e-02 
 5.39999197e-03 -7.31867701e-02 
 5.40332497e-03 -7.20843947e-02 
 5.40665797e-03 -7.09504072e-02 
 5.40999097e-03 -6.97853046e-02 
 5.41332397e-03 -6.85895980e-02 
 5.41665697e-03 -6.73638118e-02 
 5.41998997e-03 -6.61084835e-02 
 5.42332297e-03 -6.48241636e-02 
 5.42665597e-03 -6.35114154e-02 
 5.42998897e-03 -6.21708146e-02 
 5.43332197e-03 -6.08029490e-02 
 5.43665497e-03 -5.94084186e-02 
 5.43998797e-03 -5.79878349e-02 
 5.44332097e-03 -5.65418209e-02 
 5.44665397e-03 -5.50710107e-02 
 5.44998697e-03 -5.35760495e-02 
 5.45331997e-03 -5.20575927e-02 
 5.45665297e-03 -5.05163062e-02 
 5.45998597e-03 -4.89528661e-02 
 5.46331897e-03 -4.73679580e-02 
 5.46665197e-03 -4.57622768e-02 
 5.46998497e-03 -4.41365268e-02 
 5.47331797e-03 -4.24914210e-02 
 5.47665097e-03 -4.08276807e-02 
 5.47998397e-03 -3.91460356e-02 
 5.48331697e-03 -3.74472232e-02 
 5.48664997e-03 -3.57319886e-02 
 5.48998297e-03 -3.40010838e-02 
 5.49331597e-03 -3.22552680e-02 
 5.49664897e-03 -3.04953068e-02 
 5.49998197e-03 -2.87219721e-02 
 5.50331497e-03 -2.69360414e-02 
 5.50664797e-03 -2.51382981e-02 
 5.50998097e-03 -2.33295305e-02 
 5.51331397e-03 -2.15105318e-02 
 5.51664697e-03 -1.96820998e-02 
 5.51997997e-03 -1.78450363e-02 
 5.52331297e-03 -1.60001469e-02 
 5.52664597e-03 -1.41482408e-02 
 5.52997897e-03 -1.22901300e-02 
 5.53331197e-03 -1.04266294e-02 
 5.53664497e-03 -8.55855631e-03 
 5.53997797e-03 -6.68672987e-03 
 5.54331097e-03 -4.81197100e-03 
 5.54664397e-03 -2.93510186e-03 
 5.54997697e-03 -1.05694555e-03 
 5.55330997e-03  8.21674285e-04 
 5.55664297e-03  2.69993378e-03 
 5.55997597e-03  4.57700922e-03 
 5.56330897e-03  6.45207744e-03 
 5.56664197e-03  8.32431614e-03 
 5.56997497e-03  1.01929042e-02 
 5.57330797e-03  1.20570223e-02 
 5.57664097e-03  1.39158528e-02 
 5.57997397e-03  1.57685806e-02 
 5.58330697e-03  1.76143931e-02 
 5.58663997e-03  1.94524809e-02 
 5.58997297e-03  2.12820379e-02 
 5.59330597e-03  2.31022618e-02 
 5.59663897e-03  2.49123543e-02 
 5.59997197e-03  2.67115216e-02 
 5.60330497e-03  2.84989747e-02 
 5.60663797e-03  3.02739297e-02 
 5.60997097e-03  3.20356082e-02 
 5.61330397e-03  3.37832377e-02 
 5.61663697e-03  3.55160516e-02 
 5.61996997e-03  3.72332902e-02 
 5.62330297e-03  3.89342003e-02 
 5.62663597e-03  4.06180359e-02 
 5.62996897e-03  4.22840587e-02 
 5.63330197e-03  4.39315381e-02 
 5.63663497e-03  4.55597514e-02 
 5.63996797e-03  4.71679848e-02 
 5.64330097e-03  4.87555328e-02 
 5.64663397e-03  5.03216994e-02 
 5.64996697e-03  5.18657976e-02 
 5.65329997e-03  5.33871503e-02 
 5.65663297e-03  5.48850903e-02 
 5.65996597e-03  5.63589607e-02 
 5.66329897e-03  5.78081151e-02 
 5.66663197e-03  5.92319181e-02 
 5.66996497e-03  6.06297452e-02 
 5.67329797e-03  6.20009834e-02 
 5.67663097e-03  6.33450313e-02 
 5.67996397e-03  6.46612996e-02 
 5.68329697e-03  6.59492110e-02 
 5.68662997e-03  6.72082006e-02 
 5.68996297e-03  6.84377164e-02 
 5.69329597e-03  6.96372192e-02 
 5.69662897e-03  7.08061829e-02 
 5.69996197e-03  7.19440949e-02 
 5.70329497e-03  7.30504561e-02 
 5.70662797e-03  7.41247814e-02 
 5.70996097e-03  7.51665996e-02 
 5.71329397e-03  7.61754538e-02 
 5.71662697e-03  7.71509017e-02 
 5.71995997e-03  7.80925154e-02 
 5.72329297e-03  7.89998820e-02 
 5.72662597e-03  7.98726035e-02 
 5.72995897e-03  8.07102973e-02 
 5.73329197e-03  8.15125960e-02 
 5.73662497e-03  8.22791477e-02 
 5.73995797e-03  8.30096163e-02 
 5.74329097e-03  8.37036814e-02 
 5.74662397e-03  8.43610386e-02 
 5.74995697e-03  8.49813997e-02 
 5.75328997e-03  8.55644926e-02 
 5.75662297e-03  8.61100616e-02 
 5.75995597e-03  8.66178674e-02 
 5.76328897e-03  8.70876874e-02 
 5.76662197e-03  8.75193154e-02 
 5.76995497e-03  8.79125623e-02 
 5.77328797e-03  8.82672555e-02 
 5.77662097e-03  8.85832396e-02 
 5.77995397e-03  8.88603758e-02 
 5.78328697e-03  8.90985428e-02 
 5.78661997e-03  8.92976360e-02 
 5.78995297e-03  8.94575682e-02 
 5.79328597e-03  8.95782691e-02 
 5.79661897e-03  8.96596860e-02 
 5.79995197e-03  8.97017829e-02 
 5.80328497e-03  8.97045416e-02 
 5.80661797e-03  8.96679608e-02 
 5.80995097e-03  8.95920565e-02 
 5.81328397e-03  8.94768621e-02 
 5.81661697e-03  8.93224280e-02 
 5.81994997e-03  8.91288219e-02 
 5.82328297e-03  8.88961288e-02 
 5.82661597e-03  8.86244508e-02 
 5.82994897e-03  8.83139069e-02 
 5.83328197e-03  8.79646333e-02 
 5.83661497e-03  8.75767833e-02 
 5.83994797e-03  8.71505268e-02 
 5.84328097e-03  8.66860510e-02 
 5.84661397e-03  8.61835593e-02 
 5.84994697e-03  8.56432723e-02 
 5.85327997e-03  8.50654268e-02 
 5.85661297e-03  8.44502762e-02 
 5.85994597e-03  8.37980904e-02 
 5.86327897e-03  8.31091553e-02 
 5.86661197e-03  8.23837731e-02 
 5.86994497e-03  8.16222619e-02 
 5.87327797e-03  8.08249556e-02 
 5.87661097e-03  7.99922039e-02 
 5.87994397e-03  7.91243720e-02 
 5.88327697e-03  7.82218405e-02 
 5.88660997e-03  7.72850051e-02 
 5.88994297e-03  7.63142768e-02 
 5.89327597e-03  7.53100812e-02 
 5.89660897e-03  7.42728587e-02 
 5.89994197e-03  7.32030642e-02 
 5.90327497e-03  7.21011668e-02 
 5.90660797e-03  7.09676498e-02 
 5.90994097e-03  6.98030103e-02 
 5.91327397e-03  6.86077590e-02 
 5.91660697e-03  6.73824201e-02 
 5.91993997e-03  6.61275309e-02 
 5.92327297e-03  6.48436418e-02 
 5.92660597e-03  6.35313158e-02 
 5.92993897e-03  6.21911285e-02 
 5.93327197e-03  6.08236676e-02 
 5.93660497e-03  5.94295327e-02 
 5.93993797e-03  5.80093352e-02 
 5.94327097e-03  5.65636981e-02 
 5.94660397e-03  5.50932552e-02 
 5.94993697e-03  5.35986514e-02 
 5.95326997e-03  5.20805421e-02 
 5.95660297e-03  5.05395932e-02 
 5.95993597e-03  4.89764804e-02 
 5.96326897e-03  4.73918892e-02 
 5.96660197e-03  4.57865145e-02 
 5.96993497e-03  4.41610603e-02 
 5.97326797e-03  4.25162395e-02 
 5.97660097e-03  4.08527734e-02 
 5.97993397e-03  3.91713915e-02 
 5.98326697e-03  3.74728312e-02 
 5.98659997e-03  3.57578373e-02 
 5.98993297e-03  3.40271620e-02 
 5.99326597e-03  3.22815643e-02 
 5.99659897e-03  3.05218096e-02 
 5.99829949e-03  2.96187440e-02 
 6.00000000e-03  2.87122976e-02 
