 0.00000000e+00  0.00000000e+00 
 3.33300000e-08  1.89275796e-05 
 3.61303489e-08  2.06514568e-05 
 4.17310468e-08  2.43664015e-05 
 5.29324426e-08  3.33992314e-05 
 7.53352342e-08  5.78746503e-05 
 1.20140817e-07  1.32448512e-04 
 2.09751984e-07  3.83960381e-04 
 3.51797716e-07  1.06170270e-03 
 5.50235774e-07  2.57966522e-03 
 8.92630346e-07  6.75579492e-03 
 1.24698431e-06  1.31409180e-02 
 1.78901927e-06  2.69281267e-02 
 2.52323619e-06  5.32635095e-02 
 3.66396249e-06  1.11338304e-01 
 5.33021746e-06  2.32698871e-01 
 7.92330008e-06  5.04308728e-01 
 1.12563001e-05  9.93331753e-01 
 1.45893001e-05  1.62950730e+00 
 1.79223001e-05  2.40199052e+00 
 2.12553001e-05  3.30063319e+00 
 2.45883001e-05  4.31593402e+00 
 2.79213001e-05  5.43899255e+00 
 3.12543001e-05  6.66146639e+00 
 3.45873001e-05  7.97553149e+00 
 3.79203001e-05  9.37384541e+00 
 4.12533001e-05  1.08495131e+01 
 4.45863001e-05  1.23960554e+01 
 4.79193001e-05  1.40073796e+01 
 5.12523001e-05  1.56777519e+01 
 5.45853001e-05  1.74017730e+01 
 5.79183001e-05  1.91743537e+01 
 6.12513001e-05  2.09906940e+01 
 6.45843001e-05  2.28462626e+01 
 6.79173001e-05  2.47367784e+01 
 7.12503001e-05  2.66581931e+01 
 7.45833001e-05  2.86066755e+01 
 7.79163001e-05  3.05785963e+01 
 8.12493001e-05  3.25705146e+01 
 8.45823001e-05  3.45791652e+01 
 8.79153001e-05  3.66014469e+01 
 9.12483001e-05  3.86344113e+01 
 9.45813001e-05  4.06752529e+01 
 9.79143001e-05  4.27212998e+01 
 1.01247300e-04  4.47700052e+01 
 1.04580300e-04  4.68189389e+01 
 1.07913300e-04  4.88657805e+01 
 1.11246300e-04  5.09083123e+01 
 1.14579300e-04  5.29444128e+01 
 1.17912300e-04  5.49720513e+01 
 1.21245300e-04  5.69892821e+01 
 1.24578300e-04  5.89942398e+01 
 1.27911300e-04  6.09851345e+01 
 1.31244300e-04  6.29602478e+01 
 1.34577300e-04  6.49179286e+01 
 1.37910300e-04  6.68565898e+01 
 1.41243300e-04  6.87747046e+01 
 1.44576300e-04  7.06708037e+01 
 1.47909300e-04  7.25434725e+01 
 1.51242300e-04  7.43913485e+01 
 1.54575300e-04  7.62131185e+01 
 1.57908300e-04  7.80075171e+01 
 1.61241300e-04  7.97733241e+01 
 1.64574300e-04  8.15093629e+01 
 1.67907300e-04  8.32144987e+01 
 1.71240300e-04  8.48876371e+01 
 1.74573300e-04  8.65277225e+01 
 1.77906300e-04  8.81337368e+01 
 1.81239300e-04  8.97046983e+01 
 1.84572300e-04  9.12396605e+01 
 1.87905300e-04  9.27377110e+01 
 1.91238300e-04  9.41979709e+01 
 1.94571300e-04  9.56195937e+01 
 1.97904300e-04  9.70017647e+01 
 2.01237300e-04  9.83436999e+01 
 2.04570300e-04  9.96446460e+01 
 2.07903300e-04  1.00903879e+02 
 2.11236300e-04  1.02120705e+02 
 2.14569300e-04  1.03294459e+02 
 2.17902300e-04  1.04424502e+02 
 2.21235300e-04  1.05510225e+02 
 2.24568300e-04  1.06551048e+02 
 2.27901300e-04  1.07546415e+02 
 2.31234300e-04  1.08495798e+02 
 2.34567300e-04  1.09398697e+02 
 2.37900300e-04  1.10254638e+02 
 2.41233300e-04  1.11063172e+02 
 2.44566300e-04  1.11823876e+02 
 2.47899300e-04  1.12536356e+02 
 2.51232300e-04  1.13200239e+02 
 2.54565300e-04  1.13815181e+02 
 2.57898300e-04  1.14380861e+02 
 2.61231300e-04  1.14896985e+02 
 2.64564300e-04  1.15363283e+02 
 2.67897300e-04  1.15779511e+02 
 2.71230300e-04  1.16145448e+02 
 2.74563300e-04  1.16460900e+02 
 2.77896300e-04  1.16725696e+02 
 2.81229300e-04  1.16939690e+02 
 2.84562300e-04  1.17102760e+02 
 2.87895300e-04  1.17214809e+02 
 2.91228300e-04  1.17275764e+02 
 2.94561300e-04  1.17285577e+02 
 2.97894300e-04  1.17244222e+02 
 3.01227300e-04  1.17151697e+02 
 3.04560300e-04  1.17008027e+02 
 3.07893300e-04  1.16813258e+02 
 3.11226300e-04  1.16567459e+02 
 3.14559300e-04  1.16270724e+02 
 3.17892300e-04  1.15923171e+02 
 3.21225300e-04  1.15524938e+02 
 3.24558300e-04  1.15076191e+02 
 3.27891300e-04  1.14577114e+02 
 3.31224300e-04  1.14027917e+02 
 3.34557300e-04  1.13428832e+02 
 3.37890300e-04  1.12780113e+02 
 3.41223300e-04  1.12082036e+02 
 3.44556300e-04  1.11334901e+02 
 3.47889300e-04  1.10539027e+02 
 3.51222300e-04  1.09694759e+02 
 3.54555300e-04  1.08802461e+02 
 3.57888300e-04  1.07862518e+02 
 3.61221300e-04  1.06875337e+02 
 3.64554300e-04  1.05841347e+02 
 3.67887300e-04  1.04760998e+02 
 3.71220300e-04  1.03634757e+02 
 3.74553300e-04  1.02463117e+02 
 3.77886300e-04  1.01246587e+02 
 3.81219300e-04  9.99856976e+01 
 3.84552300e-04  9.86809986e+01 
 3.87885300e-04  9.73330594e+01 
 3.91218300e-04  9.59424686e+01 
 3.94551300e-04  9.45098338e+01 
 3.97884300e-04  9.30357808e+01 
 4.01217300e-04  9.15209542e+01 
 4.04550300e-04  8.99660163e+01 
 4.07883300e-04  8.83716473e+01 
 4.11216300e-04  8.67385447e+01 
 4.14549300e-04  8.50674231e+01 
 4.17882300e-04  8.33590141e+01 
 4.21215300e-04  8.16140654e+01 
 4.24548300e-04  7.98333412e+01 
 4.27881300e-04  7.80176212e+01 
 4.31214300e-04  7.61677006e+01 
 4.34547300e-04  7.42843897e+01 
 4.37880300e-04  7.23685136e+01 
 4.41213300e-04  7.04209115e+01 
 4.44546300e-04  6.84424369e+01 
 4.47879300e-04  6.64339566e+01 
 4.51212300e-04  6.43963508e+01 
 4.54545300e-04  6.23305124e+01 
 4.57878300e-04  6.02373468e+01 
 4.61211300e-04  5.81177714e+01 
 4.64544300e-04  5.59727152e+01 
 4.67877300e-04  5.38031185e+01 
 4.71210300e-04  5.16099323e+01 
 4.74543300e-04  4.93941181e+01 
 4.77876300e-04  4.71566471e+01 
 4.81209300e-04  4.48985003e+01 
 4.84542300e-04  4.26206676e+01 
 4.87875300e-04  4.03241478e+01 
 4.91208300e-04  3.80099475e+01 
 4.94541300e-04  3.56790815e+01 
 4.97874300e-04  3.33325717e+01 
 5.01207300e-04  3.09714469e+01 
 5.04540300e-04  2.85967425e+01 
 5.07873300e-04  2.62094995e+01 
 5.11206300e-04  2.38107648e+01 
 5.14539300e-04  2.14015901e+01 
 5.17872300e-04  1.89830318e+01 
 5.21205300e-04  1.65561505e+01 
 5.24538300e-04  1.41220103e+01 
 5.27871300e-04  1.16816785e+01 
 5.31204300e-04  9.23622519e+00 
 5.34537300e-04  6.78672279e+00 
 5.37870300e-04  4.33424537e+00 
 5.41203300e-04  1.87986836e+00 
 5.44536300e-04 -5.75331951e-01 
 5.47869300e-04 -3.03027894e+00 
 5.51202300e-04 -5.48389607e+00 
 5.54535300e-04 -7.93510738e+00 
 5.57868300e-04 -1.03828380e+01 
 5.61201300e-04 -1.28260145e+01 
 5.64534300e-04 -1.52635655e+01 
 5.67867300e-04 -1.76944221e+01 
 5.71200300e-04 -2.01175182e+01 
 5.74533300e-04 -2.25317914e+01 
 5.77866300e-04 -2.49361829e+01 
 5.81199300e-04 -2.73296382e+01 
 5.84532300e-04 -2.97111077e+01 
 5.87865300e-04 -3.20795472e+01 
 5.91198300e-04 -3.44339180e+01 
 5.94531300e-04 -3.67731876e+01 
 5.97864300e-04 -3.90963301e+01 
 6.01197300e-04 -4.14023268e+01 
 6.04530300e-04 -4.36901664e+01 
 6.07863300e-04 -4.59588457e+01 
 6.11196300e-04 -4.82073696e+01 
 6.14529300e-04 -5.04347522e+01 
 6.17862300e-04 -5.26400167e+01 
 6.21195300e-04 -5.48221959e+01 
 6.24528300e-04 -5.69803330e+01 
 6.27861300e-04 -5.91134814e+01 
 6.31194300e-04 -6.12207057e+01 
 6.34527300e-04 -6.33010818e+01 
 6.37860300e-04 -6.53536973e+01 
 6.41193300e-04 -6.73776522e+01 
 6.44526300e-04 -6.93720588e+01 
 6.47859300e-04 -7.13360425e+01 
 6.51192300e-04 -7.32687420e+01 
 6.54525300e-04 -7.51693098e+01 
 6.57858300e-04 -7.70369123e+01 
 6.61191300e-04 -7.88707306e+01 
 6.64524300e-04 -8.06699604e+01 
 6.67857300e-04 -8.24338127e+01 
 6.71190300e-04 -8.41615139e+01 
 6.74523300e-04 -8.58523065e+01 
 6.77856300e-04 -8.75054489e+01 
 6.81189300e-04 -8.91202161e+01 
 6.84522300e-04 -9.06959000e+01 
 6.87855300e-04 -9.22318096e+01 
 6.91188300e-04 -9.37272713e+01 
 6.94521300e-04 -9.51816294e+01 
 6.97854300e-04 -9.65942459e+01 
 7.01187300e-04 -9.79645015e+01 
 7.04520300e-04 -9.92917951e+01 
 7.07853300e-04 -1.00575545e+02 
 7.11186300e-04 -1.01815187e+02 
 7.14519300e-04 -1.03010180e+02 
 7.17852300e-04 -1.04159997e+02 
 7.21185300e-04 -1.05264136e+02 
 7.24518300e-04 -1.06322111e+02 
 7.27851300e-04 -1.07333459e+02 
 7.31184300e-04 -1.08297737e+02 
 7.34517300e-04 -1.09214521e+02 
 7.37850300e-04 -1.10083410e+02 
 7.41183300e-04 -1.10904022e+02 
 7.44516300e-04 -1.11675998e+02 
 7.47849300e-04 -1.12398999e+02 
 7.51182300e-04 -1.13072707e+02 
 7.54515300e-04 -1.13696828e+02 
 7.57848300e-04 -1.14271088e+02 
 7.61181300e-04 -1.14795235e+02 
 7.64514300e-04 -1.15269039e+02 
 7.67847300e-04 -1.15692292e+02 
 7.71180300e-04 -1.16064809e+02 
 7.74513300e-04 -1.16386426e+02 
 7.77846300e-04 -1.16657003e+02 
 7.81179300e-04 -1.16876420e+02 
 7.84512300e-04 -1.17044581e+02 
 7.87845300e-04 -1.17161413e+02 
 7.91178300e-04 -1.17226865e+02 
 7.94511300e-04 -1.17240907e+02 
 7.97844300e-04 -1.17203534e+02 
 8.01177300e-04 -1.17114762e+02 
 8.04510300e-04 -1.16974629e+02 
 8.07843300e-04 -1.16783198e+02 
 8.11176300e-04 -1.16540552e+02 
 8.14509300e-04 -1.16246798e+02 
 8.17842300e-04 -1.15902064e+02 
 8.21175300e-04 -1.15506502e+02 
 8.24508300e-04 -1.15060285e+02 
 8.27841300e-04 -1.14563609e+02 
 8.31174300e-04 -1.14016692e+02 
 8.34507300e-04 -1.13419773e+02 
 8.37840300e-04 -1.12773115e+02 
 8.41173300e-04 -1.12077000e+02 
 8.44506300e-04 -1.11331735e+02 
 8.47839300e-04 -1.10537645e+02 
 8.51172300e-04 -1.09695080e+02 
 8.54505300e-04 -1.08804408e+02 
 8.57838300e-04 -1.07866021e+02 
 8.61171300e-04 -1.06880330e+02 
 8.64504300e-04 -1.05847767e+02 
 8.67837300e-04 -1.04768784e+02 
 8.71170300e-04 -1.03643856e+02 
 8.74503300e-04 -1.02473475e+02 
 8.77836300e-04 -1.01258156e+02 
 8.81169300e-04 -9.99984294e+01 
 8.84502300e-04 -9.86948493e+01 
 8.87835300e-04 -9.73479871e+01 
 8.91168300e-04 -9.59584334e+01 
 8.94501300e-04 -9.45267975e+01 
 8.97834300e-04 -9.30537074e+01 
 9.01167300e-04 -9.15398090e+01 
 9.04500300e-04 -8.99857662e+01 
 9.07833300e-04 -8.83922606e+01 
 9.11166300e-04 -8.67599910e+01 
 9.14499300e-04 -8.50896732e+01 
 9.17832300e-04 -8.33820397e+01 
 9.21165300e-04 -8.16378394e+01 
 9.24498300e-04 -7.98578372e+01 
 9.27831300e-04 -7.80428138e+01 
 9.31164300e-04 -7.61935650e+01 
 9.34497300e-04 -7.43109019e+01 
 9.37830300e-04 -7.23956501e+01 
 9.41163300e-04 -7.04486495e+01 
 9.44496300e-04 -6.84707540e+01 
 9.47829300e-04 -6.64628310e+01 
 9.51162300e-04 -6.44257610e+01 
 9.54495300e-04 -6.23604373e+01 
 9.57828300e-04 -6.02677658e+01 
 9.61161300e-04 -5.81486642e+01 
 9.64494300e-04 -5.60040617e+01 
 9.67827300e-04 -5.38348989e+01 
 9.71160300e-04 -5.16421271e+01 
 9.74493300e-04 -4.94267079e+01 
 9.77826300e-04 -4.71896128e+01 
 9.81159300e-04 -4.49318229e+01 
 9.84492300e-04 -4.26543284e+01 
 9.87825300e-04 -4.03581280e+01 
 9.91158300e-04 -3.80442287e+01 
 9.94491300e-04 -3.57136454e+01 
 9.97824300e-04 -3.33673999e+01 
 1.00115730e-03 -3.10065214e+01 
 1.00449030e-03 -2.86320451e+01 
 1.00782330e-03 -2.62450123e+01 
 1.01115630e-03 -2.38464700e+01 
 1.01448930e-03 -2.14374698e+01 
 1.01782230e-03 -1.90190684e+01 
 1.02115530e-03 -1.65923262e+01 
 1.02448830e-03 -1.41583076e+01 
 1.02782130e-03 -1.17180799e+01 
 1.03115430e-03 -9.27271323e+00 
 1.03448730e-03 -6.82328011e+00 
 1.03782030e-03 -4.37085466e+00 
 1.04115330e-03 -1.91651240e+00 
 1.04448630e-03  5.38670340e-01 
 1.04781930e-03  2.99361685e+00 
 1.05115230e-03  5.44725052e+00 
 1.05448530e-03  7.89849533e+00 
 1.05781830e-03  1.03462763e+01 
 1.06115130e-03  1.27895199e+01 
 1.06448430e-03  1.52271548e+01 
 1.06781730e-03  1.76581119e+01 
 1.07115030e-03  2.00813250e+01 
 1.07448330e-03  2.24957316e+01 
 1.07781630e-03  2.49002729e+01 
 1.08114930e-03  2.72938942e+01 
 1.08448230e-03  2.96755459e+01 
 1.08781530e-03  3.20441835e+01 
 1.09114830e-03  3.43987683e+01 
 1.09448130e-03  3.67382677e+01 
 1.09781430e-03  3.90616557e+01 
 1.10114730e-03  4.13679134e+01 
 1.10448030e-03  4.36560293e+01 
 1.10781330e-03  4.59250002e+01 
 1.11114630e-03  4.81738308e+01 
 1.11447930e-03  5.04015350e+01 
 1.11781230e-03  5.26071359e+01 
 1.12114530e-03  5.47896662e+01 
 1.12447830e-03  5.69481687e+01 
 1.12781130e-03  5.90816968e+01 
 1.13114430e-03  6.11893150e+01 
 1.13447730e-03  6.32700988e+01 
 1.13781030e-03  6.53231359e+01 
 1.14114330e-03  6.73475258e+01 
 1.14447630e-03  6.93423807e+01 
 1.14780930e-03  7.13068259e+01 
 1.15114230e-03  7.32399998e+01 
 1.15447530e-03  7.51410546e+01 
 1.15780830e-03  7.70091567e+01 
 1.16114130e-03  7.88434868e+01 
 1.16447430e-03  8.06432404e+01 
 1.16780730e-03  8.24076283e+01 
 1.17114030e-03  8.41358768e+01 
 1.17447330e-03  8.58272278e+01 
 1.17780630e-03  8.74809397e+01 
 1.18113930e-03  8.90962873e+01 
 1.18447230e-03  9.06725621e+01 
 1.18780530e-03  9.22090728e+01 
 1.19113830e-03  9.37051457e+01 
 1.19447130e-03  9.51601247e+01 
 1.19780430e-03  9.65733716e+01 
 1.20113730e-03  9.79442667e+01 
 1.20447030e-03  9.92722088e+01 
 1.20780330e-03  1.00556616e+02 
 1.21113630e-03  1.01796924e+02 
 1.21446930e-03  1.02992589e+02 
 1.21780230e-03  1.04143088e+02 
 1.22113530e-03  1.05247915e+02 
 1.22446830e-03  1.06306586e+02 
 1.22780130e-03  1.07318637e+02 
 1.23113430e-03  1.08283624e+02 
 1.23446730e-03  1.09201124e+02 
 1.23780030e-03  1.10070734e+02 
 1.24113330e-03  1.10892072e+02 
 1.24446630e-03  1.11664780e+02 
 1.24779930e-03  1.12388518e+02 
 1.25113230e-03  1.13062968e+02 
 1.25446530e-03  1.13687835e+02 
 1.25779830e-03  1.14262845e+02 
 1.26113130e-03  1.14787745e+02 
 1.26446430e-03  1.15262306e+02 
 1.26779730e-03  1.15686318e+02 
 1.27113030e-03  1.16059598e+02 
 1.27446330e-03  1.16381979e+02 
 1.27779630e-03  1.16653322e+02 
 1.28112930e-03  1.16873508e+02 
 1.28446230e-03  1.17042438e+02 
 1.28779530e-03  1.17160041e+02 
 1.29112830e-03  1.17226263e+02 
 1.29446130e-03  1.17241077e+02 
 1.29779430e-03  1.17204475e+02 
 1.30112730e-03  1.17116473e+02 
 1.30446030e-03  1.16977111e+02 
 1.30779330e-03  1.16786449e+02 
 1.31112630e-03  1.16544570e+02 
 1.31445930e-03  1.16251582e+02 
 1.31779230e-03  1.15907612e+02 
 1.32112530e-03  1.15512811e+02 
 1.32445830e-03  1.15067353e+02 
 1.32779130e-03  1.14571432e+02 
 1.33112430e-03  1.14025267e+02 
 1.33445730e-03  1.13429096e+02 
 1.33779030e-03  1.12783182e+02 
 1.34112330e-03  1.12087807e+02 
 1.34445630e-03  1.11343277e+02 
 1.34778930e-03  1.10549917e+02 
 1.35112230e-03  1.09708076e+02 
 1.35445530e-03  1.08818123e+02 
 1.35778830e-03  1.07880449e+02 
 1.36112130e-03  1.06895464e+02 
 1.36445430e-03  1.05863601e+02 
 1.36778730e-03  1.04785311e+02 
 1.37112030e-03  1.03661069e+02 
 1.37445330e-03  1.02491366e+02 
 1.37778630e-03  1.01276717e+02 
 1.38111930e-03  1.00017653e+02 
 1.38445230e-03  9.87147263e+01 
 1.38778530e-03  9.73685090e+01 
 1.39111830e-03  9.59795913e+01 
 1.39445130e-03  9.45485821e+01 
 1.39778430e-03  9.30761091e+01 
 1.40111730e-03  9.15628181e+01 
 1.40445030e-03  9.00093725e+01 
 1.40778330e-03  8.84164538e+01 
 1.41111630e-03  8.67847605e+01 
 1.41444930e-03  8.51150081e+01 
 1.41778230e-03  8.34079289e+01 
 1.42111530e-03  8.16642715e+01 
 1.42444830e-03  7.98848007e+01 
 1.42778130e-03  7.80702968e+01 
 1.43111430e-03  7.62215555e+01 
 1.43444730e-03  7.43393875e+01 
 1.43778030e-03  7.24246185e+01 
 1.44111330e-03  7.04780879e+01 
 1.44444630e-03  6.85006495e+01 
 1.44777930e-03  6.64931704e+01 
 1.45111230e-03  6.44565311e+01 
 1.45444530e-03  6.23916246e+01 
 1.45777830e-03  6.02993567e+01 
 1.46111130e-03  5.81806447e+01 
 1.46444430e-03  5.60364178e+01 
 1.46777730e-03  5.38676165e+01 
 1.47111030e-03  5.16751917e+01 
 1.47444330e-03  4.94601051e+01 
 1.47777630e-03  4.72233279e+01 
 1.48110930e-03  4.49658412e+01 
 1.48444230e-03  4.26886349e+01 
 1.48777530e-03  4.03927077e+01 
 1.49110830e-03  3.80790665e+01 
 1.49444130e-03  3.57487259e+01 
 1.49777430e-03  3.34027078e+01 
 1.50110730e-03  3.10420412e+01 
 1.50444030e-03  2.86677612e+01 
 1.50777330e-03  2.62809091e+01 
 1.51110630e-03  2.38825316e+01 
 1.51443930e-03  2.14736806e+01 
 1.51777230e-03  1.90554123e+01 
 1.52110530e-03  1.66287874e+01 
 1.52443830e-03  1.41948700e+01 
 1.52777130e-03  1.17547276e+01 
 1.53110430e-03  9.30943013e+00 
 1.53443730e-03  6.86005008e+00 
 1.53777030e-03  4.40766158e+00 
 1.54110330e-03  1.95334012e+00 
 1.54443630e-03 -5.01837967e-01 
 1.54776930e-03 -2.95679597e+00 
 1.55110230e-03 -5.41045729e+00 
 1.55443530e-03 -7.86174588e+00 
 1.55776830e-03 -1.03095867e+01 
 1.56110130e-03 -1.27529064e+01 
 1.56443430e-03 -1.51906333e+01 
 1.56776730e-03 -1.76216984e+01 
 1.57110030e-03 -2.00450356e+01 
 1.57443330e-03 -2.24595822e+01 
 1.57776630e-03 -2.48642792e+01 
 1.58109930e-03 -2.72580721e+01 
 1.58443230e-03 -2.96399111e+01 
 1.58776530e-03 -3.20087516e+01 
 1.59109830e-03 -3.43635549e+01 
 1.59443130e-03 -3.67032882e+01 
 1.59776430e-03 -3.90269254e+01 
 1.60109730e-03 -4.13334476e+01 
 1.60443030e-03 -4.36218431e+01 
 1.60776330e-03 -4.58911085e+01 
 1.61109630e-03 -4.81402486e+01 
 1.61442930e-03 -5.03682770e+01 
 1.61776230e-03 -5.25742166e+01 
 1.62109530e-03 -5.47571001e+01 
 1.62442830e-03 -5.69159701e+01 
 1.62776130e-03 -5.90498798e+01 
 1.63109430e-03 -6.11578935e+01 
 1.63442730e-03 -6.32390867e+01 
 1.63776030e-03 -6.52925467e+01 
 1.64109330e-03 -6.73173729e+01 
 1.64442630e-03 -6.93126774e+01 
 1.64775930e-03 -7.12775852e+01 
 1.65109230e-03 -7.32112345e+01 
 1.65442530e-03 -7.51127774e+01 
 1.65775830e-03 -7.69813799e+01 
 1.66109130e-03 -7.88162226e+01 
 1.66442430e-03 -8.06165008e+01 
 1.66775730e-03 -8.23814250e+01 
 1.67109030e-03 -8.41102212e+01 
 1.67442330e-03 -8.58021313e+01 
 1.67775630e-03 -8.74564132e+01 
 1.68108930e-03 -8.90723416e+01 
 1.68442230e-03 -9.06492077e+01 
 1.68775530e-03 -9.21863200e+01 
 1.69108830e-03 -9.36830044e+01 
 1.69442130e-03 -9.51386046e+01 
 1.69775430e-03 -9.65524822e+01 
 1.70108730e-03 -9.79240171e+01 
 1.70442030e-03 -9.92526079e+01 
 1.70775330e-03 -1.00537672e+02 
 1.71108630e-03 -1.01778646e+02 
 1.71441930e-03 -1.02974985e+02 
 1.71775230e-03 -1.04126165e+02 
 1.72108530e-03 -1.05231681e+02 
 1.72441830e-03 -1.06291048e+02 
 1.72775130e-03 -1.07303802e+02 
 1.73108430e-03 -1.08269498e+02 
 1.73441730e-03 -1.09187713e+02 
 1.73775030e-03 -1.10058044e+02 
 1.74108330e-03 -1.10880110e+02 
 1.74441630e-03 -1.11653549e+02 
 1.74774930e-03 -1.12378024e+02 
 1.75108230e-03 -1.13053216e+02 
 1.75441530e-03 -1.13678829e+02 
 1.75774830e-03 -1.14254588e+02 
 1.76108130e-03 -1.14780242e+02 
 1.76441430e-03 -1.15255559e+02 
 1.76774730e-03 -1.15680332e+02 
 1.77108030e-03 -1.16054373e+02 
 1.77441330e-03 -1.16377520e+02 
 1.77774630e-03 -1.16649629e+02 
 1.78107930e-03 -1.16870583e+02 
 1.78441230e-03 -1.17040283e+02 
 1.78774530e-03 -1.17158656e+02 
 1.79107830e-03 -1.17225650e+02 
 1.79441130e-03 -1.17241235e+02 
 1.79774430e-03 -1.17205404e+02 
 1.80107730e-03 -1.17118173e+02 
 1.80441030e-03 -1.16979581e+02 
 1.80774330e-03 -1.16789688e+02 
 1.81107630e-03 -1.16548577e+02 
 1.81440930e-03 -1.16256354e+02 
 1.81774230e-03 -1.15913148e+02 
 1.82107530e-03 -1.15519109e+02 
 1.82440830e-03 -1.15074409e+02 
 1.82774130e-03 -1.14579244e+02 
 1.83107430e-03 -1.14033830e+02 
 1.83440730e-03 -1.13438408e+02 
 1.83774030e-03 -1.12793238e+02 
 1.84107330e-03 -1.12098603e+02 
 1.84440630e-03 -1.11354807e+02 
 1.84773930e-03 -1.10562178e+02 
 1.85107230e-03 -1.09721061e+02 
 1.85440530e-03 -1.08831828e+02 
 1.85773830e-03 -1.07894866e+02 
 1.86107130e-03 -1.06910588e+02 
 1.86440430e-03 -1.05879424e+02 
 1.86773730e-03 -1.04801828e+02 
 1.87107030e-03 -1.03678271e+02 
 1.87440330e-03 -1.02509247e+02 
 1.87773630e-03 -1.01295268e+02 
 1.88106930e-03 -1.00036866e+02 
 1.88440230e-03 -9.87345934e+01 
 1.88773530e-03 -9.73890213e+01 
 1.89106830e-03 -9.60007397e+01 
 1.89440130e-03 -9.45703574e+01 
 1.89773430e-03 -9.30985017e+01 
 1.90106730e-03 -9.15858180e+01 
 1.90440030e-03 -9.00329699e+01 
 1.90773330e-03 -8.84406382e+01 
 1.91106630e-03 -8.68095213e+01 
 1.91439930e-03 -8.51403345e+01 
 1.91773230e-03 -8.34338098e+01 
 1.92106530e-03 -8.16906955e+01 
 1.92439830e-03 -7.99117562e+01 
 1.92773130e-03 -7.80977720e+01 
 1.93106430e-03 -7.62495384e+01 
 1.93439730e-03 -7.43678658e+01 
 1.93773030e-03 -7.24535796e+01 
 1.94106330e-03 -7.05075193e+01 
 1.94439630e-03 -6.85305381e+01 
 1.94772930e-03 -6.65235033e+01 
 1.95106230e-03 -6.44872948e+01 
 1.95439530e-03 -6.24228058e+01 
 1.95772830e-03 -6.03309415e+01 
 1.96106130e-03 -5.82126194e+01 
 1.96439430e-03 -5.60687684e+01 
 1.96772730e-03 -5.39003287e+01 
 1.97106030e-03 -5.17082512e+01 
 1.97439330e-03 -4.94934974e+01 
 1.97772630e-03 -4.72570384e+01 
 1.98105930e-03 -4.49998551e+01 
 1.98439230e-03 -4.27229372e+01 
 1.98772530e-03 -4.04272835e+01 
 1.99105830e-03 -3.81139005e+01 
 1.99439130e-03 -3.57838029e+01 
 1.99772430e-03 -3.34380124e+01 
 2.00105730e-03 -3.10775579e+01 
 2.00439030e-03 -2.87034744e+01 
 2.00772330e-03 -2.63168032e+01 
 2.01105630e-03 -2.39185909e+01 
 2.01438930e-03 -2.15098892e+01 
 2.01772230e-03 -1.90917544e+01 
 2.02105530e-03 -1.66652470e+01 
 2.02438830e-03 -1.42314311e+01 
 2.02772130e-03 -1.17913741e+01 
 2.03105430e-03 -9.34614611e+00 
 2.03438730e-03 -6.89681937e+00 
 2.03772030e-03 -4.44446805e+00 
 2.04105330e-03 -1.99016764e+00 
 2.04438630e-03  4.65005547e-01 
 2.04771930e-03  2.91997481e+00 
 2.05105230e-03  5.37366353e+00 
 2.05438530e-03  7.82499566e+00 
 2.05771830e-03  1.02728962e+01 
 2.06105130e-03  1.27162916e+01 
 2.06438430e-03  1.51541103e+01 
 2.06771730e-03  1.75852832e+01 
 2.07105030e-03  2.00087442e+01 
 2.07438330e-03  2.24234305e+01 
 2.07771630e-03  2.48282830e+01 
 2.08104930e-03  2.72222473e+01 
 2.08438230e-03  2.96042733e+01 
 2.08771530e-03  3.19733166e+01 
 2.09104830e-03  3.43283381e+01 
 2.09438130e-03  3.66683050e+01 
 2.09771430e-03  3.89921913e+01 
 2.10104730e-03  4.12989777e+01 
 2.10438030e-03  4.35876526e+01 
 2.10771330e-03  4.58572124e+01 
 2.11104630e-03  4.81066617e+01 
 2.11437930e-03  5.03350140e+01 
 2.11771230e-03  5.25412922e+01 
 2.12104530e-03  5.47245286e+01 
 2.12437830e-03  5.68837658e+01 
 2.12771130e-03  5.90180570e+01 
 2.13104430e-03  6.11264660e+01 
 2.13437730e-03  6.32080683e+01 
 2.13771030e-03  6.52619510e+01 
 2.14104330e-03  6.72872134e+01 
 2.14437630e-03  6.92829673e+01 
 2.14770930e-03  7.12483374e+01 
 2.15104230e-03  7.31824620e+01 
 2.15437530e-03  7.50844927e+01 
 2.15770830e-03  7.69535954e+01 
 2.16104130e-03  7.87889505e+01 
 2.16437430e-03  8.05897531e+01 
 2.16770730e-03  8.23552135e+01 
 2.17104030e-03  8.40845573e+01 
 2.17437330e-03  8.57770263e+01 
 2.17770630e-03  8.74318781e+01 
 2.18103930e-03  8.90483871e+01 
 2.18437230e-03  9.06258443e+01 
 2.18770530e-03  9.21635580e+01 
 2.19103830e-03  9.36608538e+01 
 2.19437130e-03  9.51170751e+01 
 2.19770430e-03  9.65315832e+01 
 2.20103730e-03  9.79037578e+01 
 2.20437030e-03  9.92329972e+01 
 2.20770330e-03  1.00518718e+02 
 2.21103630e-03  1.01760358e+02 
 2.21436930e-03  1.02957370e+02 
 2.21770230e-03  1.04109232e+02 
 2.22103530e-03  1.05215436e+02 
 2.22436830e-03  1.06275499e+02 
 2.22770130e-03  1.07288955e+02 
 2.23103430e-03  1.08255360e+02 
 2.23436730e-03  1.09174291e+02 
 2.23770030e-03  1.10045343e+02 
 2.24103330e-03  1.10868136e+02 
 2.24436630e-03  1.11642308e+02 
 2.24769930e-03  1.12367519e+02 
 2.25103230e-03  1.13043453e+02 
 2.25436530e-03  1.13669811e+02 
 2.25769830e-03  1.14246321e+02 
 2.26103130e-03  1.14772728e+02 
 2.26436430e-03  1.15248802e+02 
 2.26769730e-03  1.15674334e+02 
 2.27103030e-03  1.16049138e+02 
 2.27436330e-03  1.16373049e+02 
 2.27769630e-03  1.16645925e+02 
 2.28102930e-03  1.16867647e+02 
 2.28436230e-03  1.17038117e+02 
 2.28769530e-03  1.17157260e+02 
 2.29102830e-03  1.17225025e+02 
 2.29436130e-03  1.17241381e+02 
 2.29769430e-03  1.17206321e+02 
 2.30102730e-03  1.17119861e+02 
 2.30436030e-03  1.16982039e+02 
 2.30769330e-03  1.16792915e+02 
 2.31102630e-03  1.16552572e+02 
 2.31435930e-03  1.16261115e+02 
 2.31769230e-03  1.15918673e+02 
 2.32102530e-03  1.15525395e+02 
 2.32435830e-03  1.15081453e+02 
 2.32769130e-03  1.14587044e+02 
 2.33102430e-03  1.14042383e+02 
 2.33435730e-03  1.13447709e+02 
 2.33769030e-03  1.12803283e+02 
 2.34102330e-03  1.12109387e+02 
 2.34435630e-03  1.11366327e+02 
 2.34768930e-03  1.10574427e+02 
 2.35102230e-03  1.09734036e+02 
 2.35435530e-03  1.08845521e+02 
 2.35768830e-03  1.07909273e+02 
 2.36102130e-03  1.06925701e+02 
 2.36435430e-03  1.05895238e+02 
 2.36768730e-03  1.04818334e+02 
 2.37102030e-03  1.03695464e+02 
 2.37435330e-03  1.02527118e+02 
 2.37768630e-03  1.01313809e+02 
 2.38101930e-03  1.00056069e+02 
 2.38435230e-03  9.87544508e+01 
 2.38768530e-03  9.74095239e+01 
 2.39101830e-03  9.60218786e+01 
 2.39435130e-03  9.45921232e+01 
 2.39768430e-03  9.31208850e+01 
 2.40101730e-03  9.16088090e+01 
 2.40435030e-03  9.00565584e+01 
 2.40768330e-03  8.84648139e+01 
 2.41101630e-03  8.68342736e+01 
 2.41434930e-03  8.51656525e+01 
 2.41768230e-03  8.34596824e+01 
 2.42101530e-03  8.17171115e+01 
 2.42434830e-03  7.99387039e+01 
 2.42768130e-03  7.81252395e+01 
 2.43101430e-03  7.62775137e+01 
 2.43434730e-03  7.43963368e+01 
 2.43768030e-03  7.24825337e+01 
 2.44101330e-03  7.05369437e+01 
 2.44434630e-03  6.85604200e+01 
 2.44767930e-03  6.65538296e+01 
 2.45101230e-03  6.45180522e+01 
 2.45434530e-03  6.24539807e+01 
 2.45767830e-03  6.03625204e+01 
 2.46101130e-03  5.82445883e+01 
 2.46434430e-03  5.61011134e+01 
 2.46767730e-03  5.39330356e+01 
 2.47101030e-03  5.17413056e+01 
 2.47434330e-03  4.95268848e+01 
 2.47767630e-03  4.72907442e+01 
 2.48100930e-03  4.50338645e+01 
 2.48434230e-03  4.27572354e+01 
 2.48767530e-03  4.04618552e+01 
 2.49100830e-03  3.81487308e+01 
 2.49434130e-03  3.58188764e+01 
 2.49767430e-03  3.34733137e+01 
 2.50100730e-03  3.11130716e+01 
 2.50434030e-03  2.87391849e+01 
 2.50767330e-03  2.63526948e+01 
 2.51100630e-03  2.39546478e+01 
 2.51433930e-03  2.15460956e+01 
 2.51767230e-03  1.91280945e+01 
 2.52100530e-03  1.67017049e+01 
 2.52433830e-03  1.42679908e+01 
 2.52767130e-03  1.18280195e+01 
 2.53100430e-03  9.38286116e+00 
 2.53433730e-03  6.93358797e+00 
 2.53767030e-03  4.48127409e+00 
 2.54100330e-03  2.02699497e+00 
 2.54433630e-03 -4.28173081e-01 
 2.54766930e-03 -2.88315336e+00 
 2.55100230e-03 -5.33686924e+00 
 2.55433530e-03 -7.78824467e+00 
 2.55766830e-03 -1.02362046e+01 
 2.56100130e-03 -1.26796755e+01 
 2.56433430e-03 -1.51175858e+01 
 2.56766730e-03 -1.75488663e+01 
 2.57100030e-03 -1.99724508e+01 
 2.57433330e-03 -2.23872766e+01 
 2.57766630e-03 -2.47922845e+01 
 2.58099930e-03 -2.71864198e+01 
 2.58433230e-03 -2.95686327e+01 
 2.58766530e-03 -3.19378784e+01 
 2.59099830e-03 -3.42931179e+01 
 2.59433130e-03 -3.66333183e+01 
 2.59766430e-03 -3.89574533e+01 
 2.60099730e-03 -4.12645037e+01 
 2.60433030e-03 -4.35534578e+01 
 2.60766330e-03 -4.58233117e+01 
 2.61099630e-03 -4.80730700e+01 
 2.61432930e-03 -5.03017460e+01 
 2.61766230e-03 -5.25083625e+01 
 2.62099530e-03 -5.46919517e+01 
 2.62432830e-03 -5.68515560e+01 
 2.62766130e-03 -5.89862283e+01 
 2.63099430e-03 -6.10950324e+01 
 2.63432730e-03 -6.31770437e+01 
 2.63766030e-03 -6.52313489e+01 
 2.64099330e-03 -6.72570472e+01 
 2.64432630e-03 -6.92532503e+01 
 2.64765930e-03 -7.12190826e+01 
 2.65099230e-03 -7.31536822e+01 
 2.65432530e-03 -7.50562006e+01 
 2.65765830e-03 -7.69258034e+01 
 2.66099130e-03 -7.87616708e+01 
 2.66432430e-03 -8.05629976e+01 
 2.66765730e-03 -8.23289938e+01 
 2.67099030e-03 -8.40588851e+01 
 2.67432330e-03 -8.57519128e+01 
 2.67765630e-03 -8.74073343e+01 
 2.68098930e-03 -8.90244238e+01 
 2.68432230e-03 -9.06024720e+01 
 2.68765530e-03 -9.21407869e+01 
 2.69098830e-03 -9.36386940e+01 
 2.69432130e-03 -9.50955362e+01 
 2.69765430e-03 -9.65106747e+01 
 2.70098730e-03 -9.78834889e+01 
 2.70432030e-03 -9.92133767e+01 
 2.70765330e-03 -1.00499755e+02 
 2.71098630e-03 -1.01742060e+02 
 2.71431930e-03 -1.02939746e+02 
 2.71765230e-03 -1.04092288e+02 
 2.72098530e-03 -1.05199181e+02 
 2.72431830e-03 -1.06259940e+02 
 2.72765130e-03 -1.07274098e+02 
 2.73098430e-03 -1.08241213e+02 
 2.73431730e-03 -1.09160858e+02 
 2.73765030e-03 -1.10032632e+02 
 2.74098330e-03 -1.10856151e+02 
 2.74431630e-03 -1.11631055e+02 
 2.74764930e-03 -1.12357003e+02 
 2.75098230e-03 -1.13033678e+02 
 2.75431530e-03 -1.13660783e+02 
 2.75764830e-03 -1.14238042e+02 
 2.76098130e-03 -1.14765202e+02 
 2.76431430e-03 -1.15242033e+02 
 2.76764730e-03 -1.15668325e+02 
 2.77098030e-03 -1.16043891e+02 
 2.77431330e-03 -1.16368567e+02 
 2.77764630e-03 -1.16642209e+02 
 2.78097930e-03 -1.16864699e+02 
 2.78431230e-03 -1.17035938e+02 
 2.78764530e-03 -1.17155852e+02 
 2.79097830e-03 -1.17224388e+02 
 2.79431130e-03 -1.17241515e+02 
 2.79764430e-03 -1.17207227e+02 
 2.80097730e-03 -1.17121538e+02 
 2.80431030e-03 -1.16984486e+02 
 2.80764330e-03 -1.16796131e+02 
 2.81097630e-03 -1.16556555e+02 
 2.81430930e-03 -1.16265864e+02 
 2.81764230e-03 -1.15924186e+02 
 2.82097530e-03 -1.15531669e+02 
 2.82430830e-03 -1.15088487e+02 
 2.82764130e-03 -1.14594832e+02 
 2.83097430e-03 -1.14050923e+02 
 2.83430730e-03 -1.13456998e+02 
 2.83764030e-03 -1.12813316e+02 
 2.84097330e-03 -1.12120161e+02 
 2.84430630e-03 -1.11377836e+02 
 2.84763930e-03 -1.10586666e+02 
 2.85097230e-03 -1.09747000e+02 
 2.85430530e-03 -1.08859204e+02 
 2.85763830e-03 -1.07923668e+02 
 2.86097130e-03 -1.06940804e+02 
 2.86430430e-03 -1.05911040e+02 
 2.86763730e-03 -1.04834830e+02 
 2.87097030e-03 -1.03712646e+02 
 2.87430330e-03 -1.02544978e+02 
 2.87763630e-03 -1.01332340e+02 
 2.88096930e-03 -1.00075263e+02 
 2.88430230e-03 -9.87742985e+01 
 2.88763530e-03 -9.74300170e+01 
 2.89096830e-03 -9.60430080e+01 
 2.89430130e-03 -9.46138798e+01 
 2.89763430e-03 -9.31432591e+01 
 2.90096730e-03 -9.16317909e+01 
 2.90430030e-03 -9.00801380e+01 
 2.90763330e-03 -8.84889809e+01 
 2.91096630e-03 -8.68590173e+01 
 2.91429930e-03 -8.51909621e+01 
 2.91763230e-03 -8.34855468e+01 
 2.92096530e-03 -8.17435193e+01 
 2.92429830e-03 -7.99656436e+01 
 2.92763130e-03 -7.81526994e+01 
 2.93096430e-03 -7.63054816e+01 
 2.93429730e-03 -7.44248004e+01 
 2.93763030e-03 -7.25114806e+01 
 2.94096330e-03 -7.05663611e+01 
 2.94429630e-03 -6.85902952e+01 
 2.94762930e-03 -6.65841493e+01 
 2.95096230e-03 -6.45488032e+01 
 2.95429530e-03 -6.24851495e+01 
 2.95762830e-03 -6.03940933e+01 
 2.96096130e-03 -5.82765515e+01 
 2.96429430e-03 -5.61334529e+01 
 2.96762730e-03 -5.39657371e+01 
 2.97096030e-03 -5.17743549e+01 
 2.97429330e-03 -4.95602674e+01 
 2.97762630e-03 -4.73244454e+01 
 2.98095930e-03 -4.50678695e+01 
 2.98429230e-03 -4.27915293e+01 
 2.98762530e-03 -4.04964230e+01 
 2.99095830e-03 -3.81835573e+01 
 2.99429130e-03 -3.58539463e+01 
 2.99762430e-03 -3.35086117e+01 
 3.00095730e-03 -3.11485821e+01 
 3.00429030e-03 -2.87748925e+01 
 3.00762330e-03 -2.63885837e+01 
 3.01095630e-03 -2.39907023e+01 
 3.01428930e-03 -2.15823000e+01 
 3.01762230e-03 -1.91644328e+01 
 3.02095530e-03 -1.67381612e+01 
 3.02428830e-03 -1.43045491e+01 
 3.02762130e-03 -1.18646638e+01 
 3.03095430e-03 -9.41957529e+00 
 3.03428730e-03 -6.97035590e+00 
 3.03762030e-03 -4.51807969e+00 
 3.04095330e-03 -2.06382210e+00 
 3.04428630e-03  3.91340573e-01 
 3.04761930e-03  2.84633162e+00 
 3.05095230e-03  5.30007443e+00 
 3.05428530e-03  7.75149291e+00 
 3.05761830e-03  1.01995120e+01 
 3.06095130e-03  1.26430582e+01 
 3.06428430e-03  1.50810598e+01 
 3.06761730e-03  1.75124476e+01 
 3.07095030e-03  1.99361555e+01 
 3.07428330e-03  2.23511205e+01 
 3.07761630e-03  2.47562834e+01 
 3.08094930e-03  2.71505897e+01 
 3.08428230e-03  2.95329891e+01 
 3.08761530e-03  3.19024370e+01 
 3.09094830e-03  3.42578943e+01 
 3.09428130e-03  3.65983279e+01 
 3.09761430e-03  3.89227115e+01 
 3.10094730e-03  4.12300257e+01 
 3.10428030e-03  4.35192586e+01 
 3.10761330e-03  4.57894064e+01 
 3.11094630e-03  4.80394735e+01 
 3.11427930e-03  5.02684731e+01 
 3.11761230e-03  5.24754277e+01 
 3.12094530e-03  5.46593694e+01 
 3.12427830e-03  5.68193405e+01 
 3.12761130e-03  5.89543938e+01 
 3.13094430e-03  6.10635929e+01 
 3.13427730e-03  6.31460128e+01 
 3.13761030e-03  6.52007403e+01 
 3.14094330e-03  6.72268744e+01 
 3.14427630e-03  6.92235264e+01 
 3.14760930e-03  7.11898208e+01 
 3.15094230e-03  7.31248952e+01 
 3.15427530e-03  7.50279011e+01 
 3.15760830e-03  7.68980038e+01 
 3.16094130e-03  7.87343832e+01 
 3.16427430e-03  8.05362340e+01 
 3.16760730e-03  8.23027661e+01 
 3.17094030e-03  8.40332046e+01 
 3.17427330e-03  8.57267908e+01 
 3.17760630e-03  8.73827819e+01 
 3.18093930e-03  8.90004517e+01 
 3.18427230e-03  9.05790908e+01 
 3.18760530e-03  9.21180068e+01 
 3.19093830e-03  9.36165249e+01 
 3.19427130e-03  9.50739879e+01 
 3.19760430e-03  9.64897567e+01 
 3.20093730e-03  9.78632103e+01 
 3.20427030e-03  9.91937464e+01 
 3.20760330e-03  1.00480782e+02 
 3.21093630e-03  1.01723752e+02 
 3.21426930e-03  1.02922111e+02 
 3.21760230e-03  1.04075334e+02 
 3.22093530e-03  1.05182916e+02 
 3.22426830e-03  1.06244370e+02 
 3.22760130e-03  1.07259231e+02 
 3.23093430e-03  1.08227054e+02 
 3.23426730e-03  1.09147415e+02 
 3.23760030e-03  1.10019909e+02 
 3.24093330e-03  1.10844155e+02 
 3.24426630e-03  1.11619791e+02 
 3.24759930e-03  1.12346476e+02 
 3.25093230e-03  1.13023892e+02 
 3.25426530e-03  1.13651743e+02 
 3.25759830e-03  1.14229751e+02 
 3.26093130e-03  1.14757665e+02 
 3.26426430e-03  1.15235253e+02 
 3.26759730e-03  1.15662304e+02 
 3.27093030e-03  1.16038632e+02 
 3.27426330e-03  1.16364073e+02 
 3.27759630e-03  1.16638482e+02 
 3.28092930e-03  1.16861740e+02 
 3.28426230e-03  1.17033749e+02 
 3.28759530e-03  1.17154433e+02 
 3.29092830e-03  1.17223739e+02 
 3.29426130e-03  1.17241638e+02 
 3.29759430e-03  1.17208121e+02 
 3.30092730e-03  1.17123203e+02 
 3.30426030e-03  1.16986921e+02 
 3.30759330e-03  1.16799335e+02 
 3.31092630e-03  1.16560527e+02 
 3.31425930e-03  1.16270602e+02 
 3.31759230e-03  1.15929687e+02 
 3.32092530e-03  1.15537932e+02 
 3.32425830e-03  1.15095508e+02 
 3.32759130e-03  1.14602610e+02 
 3.33092430e-03  1.14059453e+02 
 3.33425730e-03  1.13466276e+02 
 3.33759030e-03  1.12823339e+02 
 3.34092330e-03  1.12130923e+02 
 3.34425630e-03  1.11389333e+02 
 3.34758930e-03  1.10598894e+02 
 3.35092230e-03  1.09759952e+02 
 3.35425530e-03  1.08872876e+02 
 3.35758830e-03  1.07938054e+02 
 3.36092130e-03  1.06955896e+02 
 3.36425430e-03  1.05926833e+02 
 3.36758730e-03  1.04851316e+02 
 3.37092030e-03  1.03729817e+02 
 3.37425330e-03  1.02562828e+02 
 3.37758630e-03  1.01350861e+02 
 3.38091930e-03  1.00094447e+02 
 3.38425230e-03  9.87941364e+01 
 3.38758530e-03  9.74505004e+01 
 3.39091830e-03  9.60641279e+01 
 3.39425130e-03  9.46356270e+01 
 3.39758430e-03  9.31656241e+01 
 3.40091730e-03  9.16547638e+01 
 3.40425030e-03  9.01037087e+01 
 3.40758330e-03  8.85131391e+01 
 3.41091630e-03  8.68837524e+01 
 3.41424930e-03  8.52162633e+01 
 3.41758230e-03  8.35114030e+01 
 3.42091530e-03  8.17699192e+01 
 3.42424830e-03  7.99925755e+01 
 3.42758130e-03  7.81801515e+01 
 3.43091430e-03  7.63334419e+01 
 3.43424730e-03  7.44532567e+01 
 3.43758030e-03  7.25404203e+01 
 3.44091330e-03  7.05957716e+01 
 3.44424630e-03  6.86201636e+01 
 3.44757930e-03  6.66144624e+01 
 3.45091230e-03  6.45795478e+01 
 3.45424530e-03  6.25163122e+01 
 3.45757830e-03  6.04256603e+01 
 3.46091130e-03  5.83085090e+01 
 3.46424430e-03  5.61657868e+01 
 3.46757730e-03  5.39984333e+01 
 3.47091030e-03  5.18073991e+01 
 3.47424330e-03  4.95936450e+01 
 3.47757630e-03  4.73581419e+01 
 3.48090930e-03  4.51018700e+01 
 3.48424230e-03  4.28258189e+01 
 3.48757530e-03  4.05309868e+01 
 3.49090830e-03  3.82183800e+01 
 3.49424130e-03  3.58890127e+01 
 3.49757430e-03  3.35439064e+01 
 3.50090730e-03  3.11840896e+01 
 3.50424030e-03  2.88105972e+01 
 3.50757330e-03  2.64244700e+01 
 3.51090630e-03  2.40267545e+01 
 3.51423930e-03  2.16185022e+01 
 3.51757230e-03  1.92007692e+01 
 3.52090530e-03  1.67746158e+01 
 3.52423830e-03  1.43411059e+01 
 3.52757130e-03  1.19013068e+01 
 3.53090430e-03  9.45628849e+00 
 3.53423730e-03  7.00712313e+00 
 3.53757030e-03  4.55488484e+00 
 3.54090330e-03  2.10064902e+00 
 3.54423630e-03 -3.54508026e-01 
 3.54756930e-03 -2.80950961e+00 
 3.55090230e-03 -5.26327909e+00 
 3.55423530e-03 -7.71474038e+00 
 3.55756830e-03 -1.01628184e+01 
 3.56090130e-03 -1.26064396e+01 
 3.56423430e-03 -1.50445323e+01 
 3.56756730e-03 -1.74760272e+01 
 3.57090030e-03 -1.98998582e+01 
 3.57423330e-03 -2.23149621e+01 
 3.57756630e-03 -2.47202800e+01 
 3.58089930e-03 -2.71147568e+01 
 3.58423230e-03 -2.94973426e+01 
 3.58756530e-03 -3.18669925e+01 
 3.59089830e-03 -3.42226673e+01 
 3.59423130e-03 -3.65633339e+01 
 3.59756430e-03 -3.88879658e+01 
 3.60089730e-03 -4.11955436e+01 
 3.60423030e-03 -4.34850552e+01 
 3.60756330e-03 -4.57554967e+01 
 3.61089630e-03 -4.80058723e+01 
 3.61422930e-03 -5.02351952e+01 
 3.61756230e-03 -5.24424877e+01 
 3.62089530e-03 -5.46267817e+01 
 3.62422830e-03 -5.67871195e+01 
 3.62756130e-03 -5.89225535e+01 
 3.63089430e-03 -6.10321473e+01 
 3.63422730e-03 -6.31149757e+01 
 3.63756030e-03 -6.51701254e+01 
 3.64089330e-03 -6.71966950e+01 
 3.64422630e-03 -6.91937958e+01 
 3.64755930e-03 -7.11605520e+01 
 3.65089230e-03 -7.30961010e+01 
 3.65422530e-03 -7.49995941e+01 
 3.65755830e-03 -7.68701965e+01 
 3.66089130e-03 -7.87070879e+01 
 3.66422430e-03 -8.05094625e+01 
 3.66755730e-03 -8.22765302e+01 
 3.67089030e-03 -8.40075159e+01 
 3.67422330e-03 -8.57016604e+01 
 3.67755630e-03 -8.73582209e+01 
 3.68088930e-03 -8.89764709e+01 
 3.68422230e-03 -9.05557006e+01 
 3.68755530e-03 -9.20952175e+01 
 3.69088830e-03 -9.35943466e+01 
 3.69422130e-03 -9.50524302e+01 
 3.69755430e-03 -9.64688291e+01 
 3.70088730e-03 -9.78429220e+01 
 3.70422030e-03 -9.91741064e+01 
 3.70755330e-03 -1.00461798e+02 
 3.71088630e-03 -1.01705433e+02 
 3.71421930e-03 -1.02904466e+02 
 3.71755230e-03 -1.04058370e+02 
 3.72088530e-03 -1.05166640e+02 
 3.72421830e-03 -1.06228790e+02 
 3.72755130e-03 -1.07244353e+02 
 3.73088430e-03 -1.08212885e+02 
 3.73421730e-03 -1.09133961e+02 
 3.73755030e-03 -1.10007176e+02 
 3.74088330e-03 -1.10832149e+02 
 3.74421630e-03 -1.11608516e+02 
 3.74754930e-03 -1.12335938e+02 
 3.75088230e-03 -1.13014096e+02 
 3.75421530e-03 -1.13642692e+02 
 3.75754830e-03 -1.14221450e+02 
 3.76088130e-03 -1.14750117e+02 
 3.76421430e-03 -1.15228461e+02 
 3.76754730e-03 -1.15656272e+02 
 3.77088030e-03 -1.16033363e+02 
 3.77421330e-03 -1.16359567e+02 
 3.77754630e-03 -1.16634743e+02 
 3.78087930e-03 -1.16858769e+02 
 3.78421230e-03 -1.17031547e+02 
 3.78754530e-03 -1.17153002e+02 
 3.79087830e-03 -1.17223079e+02 
 3.79421130e-03 -1.17241750e+02 
 3.79754430e-03 -1.17209004e+02 
 3.80087730e-03 -1.17124856e+02 
 3.80421030e-03 -1.16989345e+02 
 3.80754330e-03 -1.16802528e+02 
 3.81087630e-03 -1.16564488e+02 
 3.81420930e-03 -1.16275329e+02 
 3.81754230e-03 -1.15935178e+02 
 3.82087530e-03 -1.15544184e+02 
 3.82420830e-03 -1.15102519e+02 
 3.82754130e-03 -1.14610376e+02 
 3.83087430e-03 -1.14067971e+02 
 3.83420730e-03 -1.13475543e+02 
 3.83754030e-03 -1.12833350e+02 
 3.84087330e-03 -1.12141675e+02 
 3.84420630e-03 -1.11400820e+02 
 3.84753930e-03 -1.10611111e+02 
 3.85087230e-03 -1.09772894e+02 
 3.85420530e-03 -1.08886537e+02 
 3.85753830e-03 -1.07952428e+02 
 3.86087130e-03 -1.06970977e+02 
 3.86420430e-03 -1.05942615e+02 
 3.86753730e-03 -1.04867791e+02 
 3.87087030e-03 -1.03746979e+02 
 3.87420330e-03 -1.02580669e+02 
 3.87753630e-03 -1.01369372e+02 
 3.88086930e-03 -1.00113620e+02 
 3.88420230e-03 -9.88139645e+01 
 3.88753530e-03 -9.74709742e+01 
 3.89086830e-03 -9.60852384e+01 
 3.89420130e-03 -9.46573649e+01 
 3.89753430e-03 -9.31879798e+01 
 3.90086730e-03 -9.16777276e+01 
 3.90420030e-03 -9.01272705e+01 
 3.90753330e-03 -8.85372886e+01 
 3.91086630e-03 -8.69084790e+01 
 3.91419930e-03 -8.52415561e+01 
 3.91753230e-03 -8.35372509e+01 
 3.92086530e-03 -8.17963109e+01 
 3.92419830e-03 -8.00194995e+01 
 3.92753130e-03 -7.82075959e+01 
 3.93086430e-03 -7.63613947e+01 
 3.93419730e-03 -7.44817056e+01 
 3.93753030e-03 -7.25693528e+01 
 3.94086330e-03 -7.06251752e+01 
 3.94419630e-03 -6.86500252e+01 
 3.94752930e-03 -6.66447690e+01 
 3.95086230e-03 -6.46102861e+01 
 3.95419530e-03 -6.25474686e+01 
 3.95752830e-03 -6.04572213e+01 
 3.96086130e-03 -5.83404607e+01 
 3.96419430e-03 -5.61981152e+01 
 3.96752730e-03 -5.40311242e+01 
 3.97086030e-03 -5.18404382e+01 
 3.97419330e-03 -4.96270178e+01 
 3.97752630e-03 -4.73918337e+01 
 3.98085930e-03 -4.51358661e+01 
 3.98419230e-03 -4.28601044e+01 
 3.98752530e-03 -4.05655466e+01 
 3.99085830e-03 -3.82531989e+01 
 3.99419130e-03 -3.59240755e+01 
 3.99752430e-03 -3.35791978e+01 
 4.00085730e-03 -3.12195941e+01 
 4.00419030e-03 -2.88462991e+01 
 4.00752330e-03 -2.64603538e+01 
 4.01085630e-03 -2.40628043e+01 
 4.01418930e-03 -2.16547023e+01 
 4.01752230e-03 -1.92371037e+01 
 4.02085530e-03 -1.68110687e+01 
 4.02418830e-03 -1.43776613e+01 
 4.02752130e-03 -1.19379487e+01 
 4.03085430e-03 -9.49300075e+00 
 4.03418730e-03 -7.04388968e+00 
 4.03752030e-03 -4.59168954e+00 
 4.04085330e-03 -2.13747574e+00 
 4.04418630e-03  3.17675444e-01 
 4.04751930e-03  2.77268731e+00 
 4.05085230e-03  5.22648323e+00 
 4.05418530e-03  7.67798710e+00 
 4.05751830e-03  1.01261238e+01 
 4.06085130e-03  1.25698198e+01 
 4.06418430e-03  1.50080033e+01 
 4.06751730e-03  1.74396051e+01 
 4.07085030e-03  1.98635589e+01 
 4.07418330e-03  2.22788016e+01 
 4.07751630e-03  2.46842741e+01 
 4.08084930e-03  2.70789213e+01 
 4.08418230e-03  2.94616933e+01 
 4.08751530e-03  3.18315449e+01 
 4.09084830e-03  3.41874370e+01 
 4.09418130e-03  3.65283363e+01 
 4.09751430e-03  3.88532163e+01 
 4.10084730e-03  4.11610574e+01 
 4.10418030e-03  4.34508475e+01 
 4.10751330e-03  4.57215825e+01 
 4.11084630e-03  4.79722664e+01 
 4.11417930e-03  5.02019124e+01 
 4.11751230e-03  5.24095425e+01 
 4.12084530e-03  5.45941887e+01 
 4.12417830e-03  5.67548928e+01 
 4.12751130e-03  5.88907073e+01 
 4.13084430e-03  6.10006957e+01 
 4.13417730e-03  6.30839324e+01 
 4.13751030e-03  6.51395040e+01 
 4.14084330e-03  6.71665089e+01 
 4.14417630e-03  6.91640583e+01 
 4.14750930e-03  7.11312761e+01 
 4.15084230e-03  7.30672996e+01 
 4.15417530e-03  7.49712798e+01 
 4.15750830e-03  7.68423817e+01 
 4.16084130e-03  7.86797848e+01 
 4.16417430e-03  8.04826831e+01 
 4.16750730e-03  8.22502862e+01 
 4.17084030e-03  8.39818188e+01 
 4.17417330e-03  8.56765215e+01 
 4.17750630e-03  8.73336513e+01 
 4.18083930e-03  8.89524812e+01 
 4.18417230e-03  9.05323015e+01 
 4.18750530e-03  9.20724192e+01 
 4.19083830e-03  9.35721590e+01 
 4.19417130e-03  9.50308632e+01 
 4.19750430e-03  9.64478920e+01 
 4.20083730e-03  9.78226241e+01 
 4.20417030e-03  9.91544565e+01 
 4.20750330e-03  1.00442805e+02 
 4.21083630e-03  1.01687105e+02 
 4.21416930e-03  1.02886811e+02 
 4.21750230e-03  1.04041396e+02 
 4.22083530e-03  1.05150354e+02 
 4.22416830e-03  1.06213199e+02 
 4.22750130e-03  1.07229464e+02 
 4.23083430e-03  1.08198705e+02 
 4.23416730e-03  1.09120496e+02 
 4.23750030e-03  1.09994432e+02 
 4.24083330e-03  1.10820131e+02 
 4.24416630e-03  1.11597230e+02 
 4.24749930e-03  1.12325389e+02 
 4.25083230e-03  1.13004288e+02 
 4.25416530e-03  1.13633629e+02 
 4.25749830e-03  1.14213137e+02 
 4.26083130e-03  1.14742557e+02 
 4.26416430e-03  1.15221658e+02 
 4.26749730e-03  1.15650229e+02 
 4.27083030e-03  1.16028081e+02 
 4.27416330e-03  1.16355050e+02 
 4.27749630e-03  1.16630993e+02 
 4.28082930e-03  1.16855787e+02 
 4.28416230e-03  1.17029334e+02 
 4.28749530e-03  1.17151559e+02 
 4.29082830e-03  1.17222408e+02 
 4.29416130e-03  1.17241849e+02 
 4.29749430e-03  1.17209875e+02 
 4.30082730e-03  1.17126498e+02 
 4.30416030e-03  1.16991757e+02 
 4.30749330e-03  1.16805709e+02 
 4.31082630e-03  1.16568437e+02 
 4.31415930e-03  1.16280044e+02 
 4.31749230e-03  1.15940657e+02 
 4.32082530e-03  1.15550424e+02 
 4.32415830e-03  1.15109518e+02 
 4.32749130e-03  1.14618131e+02 
 4.33082430e-03  1.14076478e+02 
 4.33415730e-03  1.13484798e+02 
 4.33749030e-03  1.12843350e+02 
 4.34082330e-03  1.12152415e+02 
 4.34415630e-03  1.11412296e+02 
 4.34748930e-03  1.10623317e+02 
 4.35082230e-03  1.09785825e+02 
 4.35415530e-03  1.08900188e+02 
 4.35748830e-03  1.07966792e+02 
 4.36082130e-03  1.06986048e+02 
 4.36415430e-03  1.05958386e+02 
 4.36748730e-03  1.04884256e+02 
 4.37082030e-03  1.03764130e+02 
 4.37415330e-03  1.02598499e+02 
 4.37748630e-03  1.01387873e+02 
 4.38081930e-03  1.00132784e+02 
 4.38415230e-03  9.88337829e+01 
 4.38748530e-03  9.74914384e+01 
 4.39081830e-03  9.61063394e+01 
 4.39415130e-03  9.46790934e+01 
 4.39748430e-03  9.32103264e+01 
 4.40081730e-03  9.17006823e+01 
 4.40415030e-03  9.01508234e+01 
 4.40748330e-03  8.85614293e+01 
 4.41081630e-03  8.69331970e+01 
 4.41414930e-03  8.52668405e+01 
 4.41748230e-03  8.35630906e+01 
 4.42081530e-03  8.18226946e+01 
 4.42414830e-03  8.00464155e+01 
 4.42748130e-03  7.82350325e+01 
 4.43081430e-03  7.63893399e+01 
 4.43414730e-03  7.45101471e+01 
 4.43748030e-03  7.25982782e+01 
 4.44081330e-03  7.06545717e+01 
 4.44414630e-03  6.86798800e+01 
 4.44747930e-03  6.66750690e+01 
 4.45081230e-03  6.46410180e+01 
 4.45414530e-03  6.25786189e+01 
 4.45747830e-03  6.04887763e+01 
 4.46081130e-03  5.83724067e+01 
 4.46414430e-03  5.62304380e+01 
 4.46747730e-03  5.40638098e+01 
 4.47081030e-03  5.18734722e+01 
 4.47414330e-03  4.96603856e+01 
 4.47747630e-03  4.74255208e+01 
 4.48080930e-03  4.51698577e+01 
 4.48414230e-03  4.28943856e+01 
 4.48747530e-03  4.06001023e+01 
 4.49080830e-03  3.82880141e+01 
 4.49414130e-03  3.59591348e+01 
 4.49747430e-03  3.36144859e+01 
 4.50080730e-03  3.12550954e+01 
 4.50414030e-03  2.88819982e+01 
 4.50747330e-03  2.64962349e+01 
 4.51080630e-03  2.40988518e+01 
 4.51413930e-03  2.16909002e+01 
 4.51747230e-03  1.92734363e+01 
 4.52080530e-03  1.68475200e+01 
 4.52413830e-03  1.44142154e+01 
 4.52747130e-03  1.19745894e+01 
 4.53080430e-03  9.52971208e+00 
 4.53413730e-03  7.08065553e+00 
 4.53747030e-03  4.62849379e+00 
 4.54080330e-03  2.17430224e+00 
 4.54413630e-03 -2.80842831e-01 
 4.54746930e-03 -2.73586474e+00 
 4.55080230e-03 -5.18968686e+00 
 4.55413530e-03 -7.64123305e+00 
 4.55746830e-03 -1.00894282e+01 
 4.56080130e-03 -1.25331987e+01 
 4.56413430e-03 -1.49714729e+01 
 4.56746730e-03 -1.74031813e+01 
 4.57080030e-03 -1.98272577e+01 
 4.57413330e-03 -2.22426389e+01 
 4.57746630e-03 -2.46482657e+01 
 4.58079930e-03 -2.70430831e+01 
 4.58413230e-03 -2.94260410e+01 
 4.58746530e-03 -3.17960941e+01 
 4.59079830e-03 -3.41522033e+01 
 4.59413130e-03 -3.64933351e+01 
 4.59746430e-03 -3.88184630e+01 
 4.60079730e-03 -4.11265672e+01 
 4.60413030e-03 -4.34166355e+01 
 4.60746330e-03 -4.56876637e+01 
 4.61079630e-03 -4.79386558e+01 
 4.61412930e-03 -5.01686245e+01 
 4.61746230e-03 -5.23765921e+01 
 4.62079530e-03 -5.45615902e+01 
 4.62412830e-03 -5.67226605e+01 
 4.62746130e-03 -5.88588554e+01 
 4.63079430e-03 -6.09692380e+01 
 4.63412730e-03 -6.30528828e+01 
 4.63746030e-03 -6.51088761e+01 
 4.64079330e-03 -6.71363162e+01 
 4.64412630e-03 -6.91343140e+01 
 4.64745930e-03 -7.11019932e+01 
 4.65079230e-03 -7.30384910e+01 
 4.65412530e-03 -7.49429581e+01 
 4.65745830e-03 -7.68145593e+01 
 4.66079130e-03 -7.86524739e+01 
 4.66412430e-03 -8.04558958e+01 
 4.66745730e-03 -8.22240341e+01 
 4.67079030e-03 -8.39561134e+01 
 4.67412330e-03 -8.56513742e+01 
 4.67745630e-03 -8.73090730e+01 
 4.68078930e-03 -8.89284828e+01 
 4.68412230e-03 -9.05088934e+01 
 4.68745530e-03 -9.20496118e+01 
 4.69078830e-03 -9.35499622e+01 
 4.69412130e-03 -9.50092868e+01 
 4.69745430e-03 -9.64269454e+01 
 4.70078730e-03 -9.78023165e+01 
 4.70412030e-03 -9.91347969e+01 
 4.70745330e-03 -1.00423802e+02 
 4.71078630e-03 -1.01668767e+02 
 4.71411930e-03 -1.02869145e+02 
 4.71745230e-03 -1.04024411e+02 
 4.72078530e-03 -1.05134057e+02 
 4.72411830e-03 -1.06197598e+02 
 4.72745130e-03 -1.07214565e+02 
 4.73078430e-03 -1.08184515e+02 
 4.73411730e-03 -1.09107020e+02 
 4.73745030e-03 -1.09981677e+02 
 4.74078330e-03 -1.10808102e+02 
 4.74411630e-03 -1.11585933e+02 
 4.74744930e-03 -1.12314829e+02 
 4.75078230e-03 -1.12994469e+02 
 4.75411530e-03 -1.13624556e+02 
 4.75744830e-03 -1.14204813e+02 
 4.76078130e-03 -1.14734987e+02 
 4.76411430e-03 -1.15214844e+02 
 4.76744730e-03 -1.15644174e+02 
 4.77078030e-03 -1.16022788e+02 
 4.77411330e-03 -1.16350522e+02 
 4.77744630e-03 -1.16627231e+02 
 4.78077930e-03 -1.16852793e+02 
 4.78411230e-03 -1.17027110e+02 
 4.78744530e-03 -1.17150105e+02 
 4.79077830e-03 -1.17221725e+02 
 4.79411130e-03 -1.17241938e+02 
 4.79744430e-03 -1.17210734e+02 
 4.80077730e-03 -1.17128129e+02 
 4.80411030e-03 -1.16994157e+02 
 4.80744330e-03 -1.16808879e+02 
 4.81077630e-03 -1.16572374e+02 
 4.81410930e-03 -1.16284747e+02 
 4.81744230e-03 -1.15946124e+02 
 4.82077530e-03 -1.15556653e+02 
 4.82410830e-03 -1.15116506e+02 
 4.82744130e-03 -1.14625874e+02 
 4.83077430e-03 -1.14084974e+02 
 4.83410730e-03 -1.13494043e+02 
 4.83744030e-03 -1.12853339e+02 
 4.84077330e-03 -1.12163144e+02 
 4.84410630e-03 -1.11423760e+02 
 4.84743930e-03 -1.10635512e+02 
 4.85077230e-03 -1.09798746e+02 
 4.85410530e-03 -1.08913827e+02 
 4.85743830e-03 -1.07981145e+02 
 4.86077130e-03 -1.07001108e+02 
 4.86410430e-03 -1.05974147e+02 
 4.86743730e-03 -1.04900711e+02 
 4.87077030e-03 -1.03781271e+02 
 4.87410330e-03 -1.02616319e+02 
 4.87743630e-03 -1.01406364e+02 
 4.88076930e-03 -1.00151938e+02 
 4.88410230e-03 -9.88535916e+01 
 4.88743530e-03 -9.75118929e+01 
 4.89076830e-03 -9.61274309e+01 
 4.89410130e-03 -9.47008126e+01 
 4.89743430e-03 -9.32326637e+01 
 4.90076730e-03 -9.17236281e+01 
 4.90410030e-03 -9.01743675e+01 
 4.90743330e-03 -8.85855613e+01 
 4.91076630e-03 -8.69579064e+01 
 4.91409930e-03 -8.52921164e+01 
 4.91743230e-03 -8.35889221e+01 
 4.92076530e-03 -8.18490702e+01 
 4.92409830e-03 -8.00733237e+01 
 4.92743130e-03 -7.82624615e+01 
 4.93076430e-03 -7.64172776e+01 
 4.93409730e-03 -7.45385813e+01 
 4.93743030e-03 -7.26271965e+01 
 4.94076330e-03 -7.06839613e+01 
 4.94409630e-03 -6.87097280e+01 
 4.94742930e-03 -6.67053624e+01 
 4.95076230e-03 -6.46717435e+01 
 4.95409530e-03 -6.26097630e+01 
 4.95742830e-03 -6.05203254e+01 
 4.96076130e-03 -5.84043468e+01 
 4.96409430e-03 -5.62627553e+01 
 4.96742730e-03 -5.40964900e+01 
 4.97076030e-03 -5.19065010e+01 
 4.97409330e-03 -4.96937486e+01 
 4.97742630e-03 -4.74592032e+01 
 4.98075930e-03 -4.52038449e+01 
 4.98409230e-03 -4.29286626e+01 
 4.98742530e-03 -4.06346541e+01 
 4.99075830e-03 -3.83228255e+01 
 4.99409130e-03 -3.59941906e+01 
 4.99742430e-03 -3.36497706e+01 
 5.00075730e-03 -3.12905937e+01 
 5.00409030e-03 -2.89176944e+01 
 5.00742330e-03 -2.65321134e+01 
 5.01075630e-03 -2.41348968e+01 
 5.01408930e-03 -2.17270961e+01 
 5.01742230e-03 -1.93097670e+01 
 5.02075530e-03 -1.68839697e+01 
 5.02408830e-03 -1.44507680e+01 
 5.02742130e-03 -1.20112289e+01 
 5.03075430e-03 -9.56642247e+00 
 5.03408730e-03 -7.11742068e+00 
 5.03742030e-03 -4.66529758e+00 
 5.04075330e-03 -2.21112853e+00 
 5.04408630e-03  2.44010190e-01 
 5.04741930e-03  2.69904191e+00 
 5.05075230e-03  5.15288997e+00 
 5.05408530e-03  7.60447826e+00 
 5.05741830e-03  1.00527316e+01 
 5.06075130e-03  1.24965764e+01 
 5.06408430e-03  1.49349409e+01 
 5.06741730e-03  1.73667558e+01 
 5.07075030e-03  1.97909545e+01 
 5.07408330e-03  2.22064740e+01 
 5.07741630e-03  2.46122549e+01 
 5.08074930e-03  2.70072423e+01 
 5.08408230e-03  2.93903858e+01 
 5.08741530e-03  3.17606402e+01 
 5.09074830e-03  3.41169662e+01 
 5.09408130e-03  3.64583303e+01 
 5.09741430e-03  3.87837058e+01 
 5.10074730e-03  4.10920729e+01 
 5.10408030e-03  4.33824192e+01 
 5.10741330e-03  4.56537404e+01 
 5.11074630e-03  4.79050404e+01 
 5.11407930e-03  5.01353318e+01 
 5.11741230e-03  5.23436366e+01 
 5.12074530e-03  5.45289863e+01 
 5.12407830e-03  5.66904227e+01 
 5.12741130e-03  5.88269977e+01 
 5.13074430e-03  6.09377744e+01 
 5.13407730e-03  6.30218271e+01 
 5.13741030e-03  6.50782419e+01 
 5.14074330e-03  6.71061169e+01 
 5.14407630e-03  6.91045628e+01 
 5.14740930e-03  7.10727033e+01 
 5.15074230e-03  7.30096752e+01 
 5.15407530e-03  7.49146290e+01 
 5.15740830e-03  7.67867294e+01 
 5.16074130e-03  7.86251552e+01 
 5.16407430e-03  8.04291004e+01 
 5.16740730e-03  8.21977738e+01 
 5.17074030e-03  8.39303998e+01 
 5.17407330e-03  8.56262184e+01 
 5.17740630e-03  8.72844861e+01 
 5.18073930e-03  8.89044756e+01 
 5.18407230e-03  9.04854764e+01 
 5.18740530e-03  9.20267953e+01 
 5.19073830e-03  9.35277562e+01 
 5.19407130e-03  9.49877010e+01 
 5.19740430e-03  9.64059893e+01 
 5.20073730e-03  9.77819993e+01 
 5.20407030e-03  9.91151274e+01 
 5.20740330e-03  1.00404789e+02 
 5.21073630e-03  1.01650419e+02 
 5.21406930e-03  1.02851470e+02 
 5.21740230e-03  1.04007416e+02 
 5.22073530e-03  1.05117750e+02 
 5.22406830e-03  1.06181986e+02 
 5.22740130e-03  1.07199656e+02 
 5.23073430e-03  1.08170313e+02 
 5.23406730e-03  1.09093534e+02 
 5.23740030e-03  1.09968912e+02 
 5.24073330e-03  1.10796063e+02 
 5.24406630e-03  1.11574625e+02 
 5.24739930e-03  1.12304257e+02 
 5.25073230e-03  1.12984638e+02 
 5.25406530e-03  1.13615471e+02 
 5.25739830e-03  1.14196478e+02 
 5.26073130e-03  1.14727404e+02 
 5.26406430e-03  1.15208018e+02 
 5.26739730e-03  1.15638107e+02 
 5.27073030e-03  1.16017484e+02 
 5.27406330e-03  1.16345982e+02 
 5.27739630e-03  1.16623457e+02 
 5.28072930e-03  1.16849787e+02 
 5.28406230e-03  1.17024874e+02 
 5.28739530e-03  1.17148640e+02 
 5.29072830e-03  1.17221030e+02 
 5.29406130e-03  1.17242014e+02 
 5.29739430e-03  1.17211582e+02 
 5.30072730e-03  1.17129748e+02 
 5.30406030e-03  1.16996546e+02 
 5.30739330e-03  1.16812037e+02 
 5.31072630e-03  1.16576300e+02 
 5.31405930e-03  1.16289439e+02 
 5.31739230e-03  1.15951580e+02 
 5.32072530e-03  1.15562871e+02 
 5.32405830e-03  1.15123482e+02 
 5.32739130e-03  1.14633606e+02 
 5.33072430e-03  1.14093459e+02 
 5.33405730e-03  1.13503276e+02 
 5.33739030e-03  1.12863317e+02 
 5.34072330e-03  1.12173862e+02 
 5.34405630e-03  1.11435214e+02 
 5.34738930e-03  1.10647697e+02 
 5.35072230e-03  1.09811655e+02 
 5.35405530e-03  1.08927456e+02 
 5.35738830e-03  1.07995488e+02 
 5.36072130e-03  1.07016158e+02 
 5.36405430e-03  1.05989897e+02 
 5.36738730e-03  1.04917155e+02 
 5.37072030e-03  1.03798402e+02 
 5.37405330e-03  1.02634128e+02 
 5.37738630e-03  1.01424845e+02 
 5.38071930e-03  1.00171083e+02 
 5.38405230e-03  9.88733905e+01 
 5.38738530e-03  9.75323379e+01 
 5.39071830e-03  9.61485129e+01 
 5.39405130e-03  9.47225224e+01 
 5.39738430e-03  9.32549918e+01 
 5.40071730e-03  9.17465647e+01 
 5.40405030e-03  9.01979026e+01 
 5.40738330e-03  8.86096846e+01 
 5.41071630e-03  8.69826072e+01 
 5.41404930e-03  8.53173840e+01 
 5.41738230e-03  8.36147453e+01 
 5.42071530e-03  8.18754377e+01 
 5.42404830e-03  8.01002240e+01 
 5.42738130e-03  7.82898827e+01 
 5.43071430e-03  7.64452078e+01 
 5.43404730e-03  7.45670082e+01 
 5.43738030e-03  7.26561076e+01 
 5.44071330e-03  7.07133439e+01 
 5.44404630e-03  6.87395693e+01 
 5.44737930e-03  6.67356493e+01 
 5.45071230e-03  6.47024626e+01 
 5.45404530e-03  6.26409010e+01 
 5.45737830e-03  6.05518685e+01 
 5.46071130e-03  5.84362813e+01 
 5.46404430e-03  5.62950671e+01 
 5.46737730e-03  5.41291649e+01 
 5.47071030e-03  5.19395247e+01 
 5.47404330e-03  4.97271067e+01 
 5.47737630e-03  4.74928810e+01 
 5.48070930e-03  4.52378276e+01 
 5.48404230e-03  4.29629353e+01 
 5.48737530e-03  4.06692019e+01 
 5.49070830e-03  3.83576331e+01 
 5.49404130e-03  3.60292428e+01 
 5.49737430e-03  3.36850520e+01 
 5.50070730e-03  3.13260888e+01 
 5.50404030e-03  2.89533877e+01 
 5.50737330e-03  2.65679893e+01 
 5.51070630e-03  2.41709395e+01 
 5.51403930e-03  2.17632897e+01 
 5.51737230e-03  1.93460957e+01 
 5.52070530e-03  1.69204176e+01 
 5.52403830e-03  1.44873191e+01 
 5.52737130e-03  1.20478673e+01 
 5.53070430e-03  9.60313191e+00 
 5.53403730e-03  7.15418513e+00 
 5.53737030e-03  4.70210091e+00 
 5.54070330e-03  2.24795461e+00 
 5.54403630e-03 -2.07177526e-01 
 5.54736930e-03 -2.66221880e+00 
 5.55070230e-03 -5.11609257e+00 
 5.55403530e-03 -7.56772271e+00 
 5.55736830e-03 -1.00160341e+01 
 5.56070130e-03 -1.24599529e+01 
 5.56403430e-03 -1.48984075e+01 
 5.56736730e-03 -1.73303285e+01 
 5.57070030e-03 -1.97546493e+01 
 5.57403330e-03 -2.21703069e+01 
 5.57736630e-03 -2.45762417e+01 
 5.58069930e-03 -2.69713988e+01 
 5.58403230e-03 -2.93547276e+01 
 5.58736530e-03 -3.17251831e+01 
 5.59069830e-03 -3.40817257e+01 
 5.59403130e-03 -3.64233219e+01 
 5.59736430e-03 -3.87489448e+01 
 5.60069730e-03 -4.10575745e+01 
 5.60403030e-03 -4.33481986e+01 
 5.60736330e-03 -4.56198126e+01 
 5.61069630e-03 -4.78714202e+01 
 5.61402930e-03 -5.01020341e+01 
 5.61736230e-03 -5.23106759e+01 
 5.62069530e-03 -5.44963771e+01 
 5.62402830e-03 -5.66581792e+01 
 5.62736130e-03 -5.87951341e+01 
 5.63069430e-03 -6.09063047e+01 
 5.63402730e-03 -6.29907651e+01 
 5.63736030e-03 -6.50476012e+01 
 5.64069330e-03 -6.70759109e+01 
 5.64402630e-03 -6.90748049e+01 
 5.64735930e-03 -7.10434064e+01 
 5.65069230e-03 -7.29808521e+01 
 5.65402530e-03 -7.48862925e+01 
 5.65735830e-03 -7.67588918e+01 
 5.66069130e-03 -7.85978289e+01 
 5.66402430e-03 -8.04022972e+01 
 5.66735730e-03 -8.21715055e+01 
 5.67069030e-03 -8.39046779e+01 
 5.67402330e-03 -8.56010542e+01 
 5.67735630e-03 -8.72598906e+01 
 5.68068930e-03 -8.88804596e+01 
 5.68402230e-03 -9.04620505e+01 
 5.68735530e-03 -9.20039697e+01 
 5.69068830e-03 -9.35055410e+01 
 5.69402130e-03 -9.49661058e+01 
 5.69735430e-03 -9.63850237e+01 
 5.70068730e-03 -9.77616724e+01 
 5.70402030e-03 -9.90954482e+01 
 5.70735330e-03 -1.00385766e+02 
 5.71068630e-03 -1.01632060e+02 
 5.71401930e-03 -1.02833784e+02 
 5.71735230e-03 -1.03990411e+02 
 5.72068530e-03 -1.05101433e+02 
 5.72401830e-03 -1.06166364e+02 
 5.72735130e-03 -1.07184735e+02 
 5.73068430e-03 -1.08156102e+02 
 5.73401730e-03 -1.09080037e+02 
 5.73735030e-03 -1.09956135e+02 
 5.74068330e-03 -1.10784013e+02 
 5.74401630e-03 -1.11563306e+02 
 5.74734930e-03 -1.12293675e+02 
 5.75068230e-03 -1.12974797e+02 
 5.75401530e-03 -1.13606375e+02 
 5.75734830e-03 -1.14188131e+02 
 5.76068130e-03 -1.14719811e+02 
 5.76401430e-03 -1.15201181e+02 
 5.76734730e-03 -1.15632029e+02 
 5.77068030e-03 -1.16012168e+02 
 5.77401330e-03 -1.16341431e+02 
 5.77734630e-03 -1.16619672e+02 
 5.78067930e-03 -1.16846771e+02 
 5.78401230e-03 -1.17022626e+02 
 5.78734530e-03 -1.17147162e+02 
 5.79067830e-03 -1.17220324e+02 
 5.79401130e-03 -1.17242079e+02 
 5.79734430e-03 -1.17212419e+02 
 5.80067730e-03 -1.17131355e+02 
 5.80401030e-03 -1.16998924e+02 
 5.80734330e-03 -1.16815183e+02 
 5.81067630e-03 -1.16580214e+02 
 5.81400930e-03 -1.16294119e+02 
 5.81734230e-03 -1.15957024e+02 
 5.82067530e-03 -1.15569077e+02 
 5.82400830e-03 -1.15130447e+02 
 5.82734130e-03 -1.14641327e+02 
 5.83067430e-03 -1.14101932e+02 
 5.83400730e-03 -1.13512498e+02 
 5.83734030e-03 -1.12873284e+02 
 5.84067330e-03 -1.12184569e+02 
 5.84400630e-03 -1.11446657e+02 
 5.84733930e-03 -1.10659870e+02 
 5.85067230e-03 -1.09824554e+02 
 5.85400530e-03 -1.08941074e+02 
 5.85733830e-03 -1.08009820e+02 
 5.86067130e-03 -1.07031198e+02 
 5.86400430e-03 -1.06005637e+02 
 5.86733730e-03 -1.04933589e+02 
 5.87067030e-03 -1.03815522e+02 
 5.87400330e-03 -1.02651928e+02 
 5.87733630e-03 -1.01443316e+02 
 5.88066930e-03 -1.00190217e+02 
 5.88400230e-03 -9.88931796e+01 
 5.88733530e-03 -9.75527732e+01 
 5.89066830e-03 -9.61695854e+01 
 5.89400130e-03 -9.47442229e+01 
 5.89733430e-03 -9.32773108e+01 
 5.90066730e-03 -9.17694923e+01 
 5.90400030e-03 -9.02214288e+01 
 5.90733330e-03 -8.86337991e+01 
 5.91066630e-03 -8.70072994e+01 
 5.91399930e-03 -8.53426431e+01 
 5.91733230e-03 -8.36405602e+01 
 5.92066530e-03 -8.19017971e+01 
 5.92399830e-03 -8.01271163e+01 
 5.92733130e-03 -7.83172962e+01 
 5.93066430e-03 -7.64731304e+01 
 5.93399730e-03 -7.45954277e+01 
 5.93733030e-03 -7.26850115e+01 
 5.94066330e-03 -7.07427196e+01 
 5.94399630e-03 -6.87694038e+01 
 5.94732930e-03 -6.67659295e+01 
 5.95066230e-03 -6.47331753e+01 
 5.95399530e-03 -6.26720327e+01 
 5.95732830e-03 -6.05834056e+01 
 5.96066130e-03 -5.84682099e+01 
 5.96399430e-03 -5.63273733e+01 
 5.96732730e-03 -5.41618345e+01 
 5.97066030e-03 -5.19725433e+01 
 5.97399330e-03 -4.97604598e+01 
 5.97732630e-03 -4.75265541e+01 
 5.98065930e-03 -4.52718058e+01 
 5.98399230e-03 -4.29972038e+01 
 5.98732530e-03 -4.07037456e+01 
 5.99065830e-03 -3.83924369e+01 
 5.99399130e-03 -3.60642914e+01 
 5.99699565e-03 -3.39521161e+01 
 6.00000000e-03 -3.18278435e+01 
