 0.00000000e+00  0.00000000e+00 
 3.33300000e-08  2.09388950e-05 
 6.66600000e-08  4.18777935e-05 
 1.33320000e-07  8.37555789e-05 
 2.66640000e-07  1.67511102e-04 
 5.33280000e-07  3.35021733e-04 
 1.06656000e-06  6.70039705e-04 
 2.13312000e-06  1.34004932e-03 
 4.26624000e-06  2.67985792e-03 
 7.59924000e-06  4.77225484e-03 
 1.09322400e-05  6.86255891e-03 
 1.42652400e-05  8.94985343e-03 
 1.75982400e-05  1.10332230e-02 
 2.09312400e-05  1.31117541e-02 
 2.42642400e-05  1.51845350e-02 
 2.75972400e-05  1.72506569e-02 
 3.09302400e-05  1.93092135e-02 
 3.42632400e-05  2.13593022e-02 
 3.75962400e-05  2.34000239e-02 
 4.09292400e-05  2.54304836e-02 
 4.42622400e-05  2.74497908e-02 
 4.75952400e-05  2.94570601e-02 
 5.09282400e-05  3.14514112e-02 
 5.42612400e-05  3.34319693e-02 
 5.75942400e-05  3.53978661e-02 
 6.09272400e-05  3.73482393e-02 
 6.42602400e-05  3.92822335e-02 
 6.75932400e-05  4.11990008e-02 
 7.09262400e-05  4.30977004e-02 
 7.42592400e-05  4.49774997e-02 
 7.75922400e-05  4.68375744e-02 
 8.09252400e-05  4.86771086e-02 
 8.42582400e-05  5.04952957e-02 
 8.75912400e-05  5.22913384e-02 
 9.09242400e-05  5.40644489e-02 
 9.42572400e-05  5.58138498e-02 
 9.75902400e-05  5.75387737e-02 
 1.00923240e-04  5.92384642e-02 
 1.04256240e-04  6.09121761e-02 
 1.07589240e-04  6.25591751e-02 
 1.10922240e-04  6.41787391e-02 
 1.14255240e-04  6.57701579e-02 
 1.17588240e-04  6.73327334e-02 
 1.20921240e-04  6.88657805e-02 
 1.24254240e-04  7.03686269e-02 
 1.27587240e-04  7.18406134e-02 
 1.30920240e-04  7.32810945e-02 
 1.34253240e-04  7.46894386e-02 
 1.37586240e-04  7.60650279e-02 
 1.40919240e-04  7.74072593e-02 
 1.44252240e-04  7.87155441e-02 
 1.47585240e-04  7.99893086e-02 
 1.50918240e-04  8.12279941e-02 
 1.54251240e-04  8.24310575e-02 
 1.57584240e-04  8.35979711e-02 
 1.60917240e-04  8.47282232e-02 
 1.64250240e-04  8.58213182e-02 
 1.67583240e-04  8.68767766e-02 
 1.70916240e-04  8.78941356e-02 
 1.74249240e-04  8.88729490e-02 
 1.77582240e-04  8.98127877e-02 
 1.80915240e-04  9.07132393e-02 
 1.84248240e-04  9.15739091e-02 
 1.87581240e-04  9.23944196e-02 
 1.90914240e-04  9.31744110e-02 
 1.94247240e-04  9.39135411e-02 
 1.97580240e-04  9.46114859e-02 
 2.00913240e-04  9.52679393e-02 
 2.04246240e-04  9.58826133e-02 
 2.07579240e-04  9.64552385e-02 
 2.10912240e-04  9.69855637e-02 
 2.14245240e-04  9.74733564e-02 
 2.17578240e-04  9.79184025e-02 
 2.20911240e-04  9.83205070e-02 
 2.24244240e-04  9.86794935e-02 
 2.27577240e-04  9.89952046e-02 
 2.30910240e-04  9.92675018e-02 
 2.34243240e-04  9.94962657e-02 
 2.37576240e-04  9.96813959e-02 
 2.40909240e-04  9.98228114e-02 
 2.44242240e-04  9.99204500e-02 
 2.47575240e-04  9.99742690e-02 
 2.50908240e-04  9.99842447e-02 
 2.54241240e-04  9.99503728e-02 
 2.57574240e-04  9.98726682e-02 
 2.60907240e-04  9.97511648e-02 
 2.64240240e-04  9.95859161e-02 
 2.67573240e-04  9.93769944e-02 
 2.70906240e-04  9.91244914e-02 
 2.74239240e-04  9.88285178e-02 
 2.77572240e-04  9.84892034e-02 
 2.80905240e-04  9.81066971e-02 
 2.84238240e-04  9.76811665e-02 
 2.87571240e-04  9.72127983e-02 
 2.90904240e-04  9.67017979e-02 
 2.94237240e-04  9.61483893e-02 
 2.97570240e-04  9.55528154e-02 
 3.00903240e-04  9.49153371e-02 
 3.04236240e-04  9.42362343e-02 
 3.07569240e-04  9.35158045e-02 
 3.10902240e-04  9.27543639e-02 
 3.14235240e-04  9.19522462e-02 
 3.17568240e-04  9.11098033e-02 
 3.20901240e-04  9.02274047e-02 
 3.24234240e-04  8.93054372e-02 
 3.27567240e-04  8.83443053e-02 
 3.30900240e-04  8.73444303e-02 
 3.34233240e-04  8.63062509e-02 
 3.37566240e-04  8.52302223e-02 
 3.40899240e-04  8.41168164e-02 
 3.44232240e-04  8.29665214e-02 
 3.47565240e-04  8.17798419e-02 
 3.50898240e-04  8.05572981e-02 
 3.54231240e-04  7.92994264e-02 
 3.57564240e-04  7.80067783e-02 
 3.60897240e-04  7.66799206e-02 
 3.64230240e-04  7.53194354e-02 
 3.67563240e-04  7.39259191e-02 
 3.70896240e-04  7.24999830e-02 
 3.74229240e-04  7.10422524e-02 
 3.77562240e-04  6.95533665e-02 
 3.80895240e-04  6.80339783e-02 
 3.84228240e-04  6.64847541e-02 
 3.87561240e-04  6.49063734e-02 
 3.90894240e-04  6.32995283e-02 
 3.94227240e-04  6.16649234e-02 
 3.97560240e-04  6.00032757e-02 
 4.00893240e-04  5.83153138e-02 
 4.04226240e-04  5.66017781e-02 
 4.07559240e-04  5.48634199e-02 
 4.10892240e-04  5.31010015e-02 
 4.14225240e-04  5.13152960e-02 
 4.17558240e-04  4.95070865e-02 
 4.20891240e-04  4.76771658e-02 
 4.24224240e-04  4.58263365e-02 
 4.27557240e-04  4.39554103e-02 
 4.30890240e-04  4.20652076e-02 
 4.34223240e-04  4.01565575e-02 
 4.37556240e-04  3.82302969e-02 
 4.40889240e-04  3.62872705e-02 
 4.44222240e-04  3.43283306e-02 
 4.47555240e-04  3.23543361e-02 
 4.50888240e-04  3.03661528e-02 
 4.54221240e-04  2.83646525e-02 
 4.57554240e-04  2.63507131e-02 
 4.60887240e-04  2.43252177e-02 
 4.64220240e-04  2.22890546e-02 
 4.67553240e-04  2.02431167e-02 
 4.70886240e-04  1.81883013e-02 
 4.74219240e-04  1.61255095e-02 
 4.77552240e-04  1.40556459e-02 
 4.80885240e-04  1.19796183e-02 
 4.84218240e-04  9.89833712e-03 
 4.87551240e-04  7.81271504e-03 
 4.90884240e-04  5.72366674e-03 
 4.94217240e-04  3.63210835e-03 
 4.97550240e-04  1.53895712e-03 
 5.00883240e-04 -5.54869014e-04 
 5.04216240e-04 -2.64845181e-03 
 5.07549240e-04 -4.74087314e-03 
 5.10882240e-04 -6.83121538e-03 
 5.14215240e-04 -8.91856182e-03 
 5.17548240e-04 -1.10019971e-02 
 5.20881240e-04 -1.30806074e-02 
 5.24214240e-04 -1.51534814e-02 
 5.27547240e-04 -1.72197098e-02 
 5.30880240e-04 -1.92783866e-02 
 5.34213240e-04 -2.13286090e-02 
 5.37546240e-04 -2.33694778e-02 
 5.40879240e-04 -2.54000980e-02 
 5.44212240e-04 -2.74195792e-02 
 5.47545240e-04 -2.94270356e-02 
 5.50878240e-04 -3.14215869e-02 
 5.54211240e-04 -3.34023584e-02 
 5.57544240e-04 -3.53684815e-02 
 5.60877240e-04 -3.73190938e-02 
 5.64210240e-04 -3.92533401e-02 
 5.67543240e-04 -4.11703720e-02 
 5.70876240e-04 -4.30693488e-02 
 5.74209240e-04 -4.49494378e-02 
 5.77542240e-04 -4.68098144e-02 
 5.80875240e-04 -4.86496628e-02 
 5.84208240e-04 -5.04681761e-02 
 5.87541240e-04 -5.22645568e-02 
 5.90874240e-04 -5.40380171e-02 
 5.94207240e-04 -5.57877793e-02 
 5.97540240e-04 -5.75130760e-02 
 6.00873240e-04 -5.92131506e-02 
 6.04206240e-04 -6.08872576e-02 
 6.07539240e-04 -6.25346628e-02 
 6.10872240e-04 -6.41546437e-02 
 6.14205240e-04 -6.57464898e-02 
 6.17538240e-04 -6.73095032e-02 
 6.20871240e-04 -6.88429982e-02 
 6.24204240e-04 -7.03463025e-02 
 6.27537240e-04 -7.18187568e-02 
 6.30870240e-04 -7.32597152e-02 
 6.34203240e-04 -7.46685460e-02 
 6.37536240e-04 -7.60446312e-02 
 6.40869240e-04 -7.73873674e-02 
 6.44202240e-04 -7.86961657e-02 
 6.47535240e-04 -7.99704522e-02 
 6.50868240e-04 -8.12096680e-02 
 6.54201240e-04 -8.24132697e-02 
 6.57534240e-04 -8.35807295e-02 
 6.60867240e-04 -8.47115353e-02 
 6.64200240e-04 -8.58051912e-02 
 6.67533240e-04 -8.68612177e-02 
 6.70866240e-04 -8.78791516e-02 
 6.74199240e-04 -8.88585465e-02 
 6.77532240e-04 -8.97989729e-02 
 6.80865240e-04 -9.07000184e-02 
 6.84198240e-04 -9.15612878e-02 
 6.87531240e-04 -9.23824034e-02 
 6.90864240e-04 -9.31630052e-02 
 6.94197240e-04 -9.39027508e-02 
 6.97530240e-04 -9.46013157e-02 
 7.00863240e-04 -9.52583937e-02 
 7.04196240e-04 -9.58736966e-02 
 7.07529240e-04 -9.64469544e-02 
 7.10862240e-04 -9.69779160e-02 
 7.14195240e-04 -9.74663483e-02 
 7.17528240e-04 -9.79120372e-02 
 7.20861240e-04 -9.83147872e-02 
 7.24194240e-04 -9.86744218e-02 
 7.27527240e-04 -9.89907831e-02 
 7.30860240e-04 -9.92637325e-02 
 7.34193240e-04 -9.94931502e-02 
 7.37526240e-04 -9.96789357e-02 
 7.40859240e-04 -9.98210075e-02 
 7.44192240e-04 -9.99193032e-02 
 7.47525240e-04 -9.99737797e-02 
 7.50858240e-04 -9.99844133e-02 
 7.54191240e-04 -9.99511991e-02 
 7.57524240e-04 -9.98741518e-02 
 7.60857240e-04 -9.97533051e-02 
 7.64190240e-04 -9.95887122e-02 
 7.67523240e-04 -9.93804450e-02 
 7.70856240e-04 -9.91285950e-02 
 7.74189240e-04 -9.88332726e-02 
 7.77522240e-04 -9.84946074e-02 
 7.80855240e-04 -9.81127478e-02 
 7.84188240e-04 -9.76878613e-02 
 7.87521240e-04 -9.72201342e-02 
 7.90854240e-04 -9.67097718e-02 
 7.94187240e-04 -9.61569977e-02 
 7.97520240e-04 -9.55620544e-02 
 8.00853240e-04 -9.49252028e-02 
 8.04186240e-04 -9.42467222e-02 
 8.07519240e-04 -9.35269101e-02 
 8.10852240e-04 -9.27660822e-02 
 8.14185240e-04 -9.19645722e-02 
 8.17518240e-04 -9.11227316e-02 
 8.20851240e-04 -9.02409295e-02 
 8.24184240e-04 -8.93195527e-02 
 8.27517240e-04 -8.83590052e-02 
 8.30850240e-04 -8.73597083e-02 
 8.34183240e-04 -8.63221002e-02 
 8.37516240e-04 -8.52466359e-02 
 8.40849240e-04 -8.41337871e-02 
 8.44182240e-04 -8.29840419e-02 
 8.47515240e-04 -8.17979044e-02 
 8.50848240e-04 -8.05758947e-02 
 8.54181240e-04 -7.93185489e-02 
 8.57514240e-04 -7.80264183e-02 
 8.60847240e-04 -7.67000696e-02 
 8.64180240e-04 -7.53400845e-02 
 8.67513240e-04 -7.39470593e-02 
 8.70846240e-04 -7.25216049e-02 
 8.74179240e-04 -7.10643466e-02 
 8.77512240e-04 -6.95759233e-02 
 8.80845240e-04 -6.80569878e-02 
 8.84178240e-04 -6.65082062e-02 
 8.87511240e-04 -6.49302577e-02 
 8.90844240e-04 -6.33238344e-02 
 8.94177240e-04 -6.16896408e-02 
 8.97510240e-04 -6.00283934e-02 
 9.00843240e-04 -5.83408208e-02 
 9.04176240e-04 -5.66276632e-02 
 9.07509240e-04 -5.48896717e-02 
 9.10842240e-04 -5.31276087e-02 
 9.14175240e-04 -5.13422468e-02 
 9.17508240e-04 -4.95343689e-02 
 9.20841240e-04 -4.77047680e-02 
 9.24174240e-04 -4.58542464e-02 
 9.27507240e-04 -4.39836157e-02 
 9.30840240e-04 -4.20936961e-02 
 9.34173240e-04 -4.01853165e-02 
 9.37506240e-04 -3.82593139e-02 
 9.40839240e-04 -3.63165328e-02 
 9.44172240e-04 -3.43578252e-02 
 9.47505240e-04 -3.23840502e-02 
 9.50838240e-04 -3.03960733e-02 
 9.54171240e-04 -2.83947664e-02 
 9.57504240e-04 -2.63810070e-02 
 9.60837240e-04 -2.43556784e-02 
 9.64170240e-04 -2.23196688e-02 
 9.67503240e-04 -2.02738709e-02 
 9.70836240e-04 -1.82191820e-02 
 9.74169240e-04 -1.61565032e-02 
 9.77502240e-04 -1.40867390e-02 
 9.80835240e-04 -1.20107972e-02 
 9.84168240e-04 -9.92958804e-03 
 9.87501240e-04 -7.84402433e-03 
 9.90834240e-04 -5.75502066e-03 
 9.94167240e-04 -3.66349315e-03 
 9.97500240e-04 -1.57035904e-03 
 1.00083324e-03  5.23463755e-04 
 1.00416624e-03  2.61705699e-03 
 1.00749924e-03  4.70950252e-03 
 1.01083224e-03  6.79988272e-03 
 1.01416524e-03  8.88728087e-03 
 1.01749824e-03  1.09707815e-02 
 1.02083124e-03  1.30494710e-02 
 1.02416424e-03  1.51224377e-02 
 1.02749724e-03  1.71887726e-02 
 1.03083024e-03  1.92475694e-02 
 1.03416324e-03  2.12979252e-02 
 1.03749624e-03  2.33389410e-02 
 1.04082924e-03  2.53697215e-02 
 1.04416224e-03  2.73893763e-02 
 1.04749524e-03  2.93970196e-02 
 1.05082824e-03  3.13917710e-02 
 1.05416124e-03  3.33727557e-02 
 1.05749424e-03  3.53391049e-02 
 1.06082724e-03  3.72899563e-02 
 1.06416024e-03  3.92244544e-02 
 1.06749324e-03  4.11417507e-02 
 1.07082624e-03  4.30410046e-02 
 1.07415924e-03  4.49213830e-02 
 1.07749224e-03  4.67820614e-02 
 1.08082524e-03  4.86222237e-02 
 1.08415824e-03  5.04410629e-02 
 1.08749124e-03  5.22377815e-02 
 1.09082424e-03  5.40115914e-02 
 1.09415724e-03  5.57617148e-02 
 1.09749024e-03  5.74873842e-02 
 1.10082324e-03  5.91878428e-02 
 1.10415624e-03  6.08623447e-02 
 1.10748924e-03  6.25101558e-02 
 1.11082224e-03  6.41305534e-02 
 1.11415524e-03  6.57228268e-02 
 1.11748824e-03  6.72862778e-02 
 1.12082124e-03  6.88202207e-02 
 1.12415424e-03  7.03239828e-02 
 1.12748724e-03  7.17969046e-02 
 1.13082024e-03  7.32383403e-02 
 1.13415324e-03  7.46476576e-02 
 1.13748624e-03  7.60242385e-02 
 1.14081924e-03  7.73674794e-02 
 1.14415224e-03  7.86767911e-02 
 1.14748524e-03  7.99515995e-02 
 1.15081824e-03  8.11913455e-02 
 1.15415124e-03  8.23954854e-02 
 1.15748424e-03  8.35634911e-02 
 1.16081724e-03  8.46948505e-02 
 1.16415024e-03  8.57890673e-02 
 1.16748324e-03  8.68456618e-02 
 1.17081624e-03  8.78641705e-02 
 1.17414924e-03  8.88441467e-02 
 1.17748224e-03  8.97851608e-02 
 1.18081524e-03  9.06868000e-02 
 1.18414824e-03  9.15486690e-02 
 1.18748124e-03  9.23703897e-02 
 1.19081424e-03  9.31516018e-02 
 1.19414724e-03  9.38919627e-02 
 1.19748024e-03  9.45911477e-02 
 1.20081324e-03  9.52488503e-02 
 1.20414624e-03  9.58647818e-02 
 1.20747924e-03  9.64386724e-02 
 1.21081224e-03  9.69702702e-02 
 1.21414524e-03  9.74593421e-02 
 1.21747824e-03  9.79056737e-02 
 1.22081124e-03  9.83090693e-02 
 1.22414424e-03  9.86693518e-02 
 1.22747724e-03  9.89863634e-02 
 1.23081024e-03  9.92599650e-02 
 1.23414324e-03  9.94900365e-02 
 1.23747624e-03  9.96764772e-02 
 1.24080924e-03  9.98192052e-02 
 1.24414224e-03  9.99181580e-02 
 1.24747524e-03  9.99732922e-02 
 1.25080824e-03  9.99845835e-02 
 1.25414124e-03  9.99520270e-02 
 1.25747424e-03  9.98756371e-02 
 1.26080724e-03  9.97554472e-02 
 1.26414024e-03  9.95915099e-02 
 1.26747324e-03  9.93838973e-02 
 1.27080624e-03  9.91327004e-02 
 1.27413924e-03  9.88380292e-02 
 1.27747224e-03  9.85000132e-02 
 1.28080524e-03  9.81188003e-02 
 1.28413824e-03  9.76945580e-02 
 1.28747124e-03  9.72274722e-02 
 1.29080424e-03  9.67177477e-02 
 1.29413724e-03  9.61656081e-02 
 1.29747024e-03  9.55712955e-02 
 1.30080324e-03  9.49350705e-02 
 1.30413624e-03  9.42572123e-02 
 1.30746924e-03  9.35380180e-02 
 1.31080224e-03  9.27778030e-02 
 1.31413524e-03  9.19769007e-02 
 1.31746824e-03  9.11356624e-02 
 1.32080124e-03  9.02544570e-02 
 1.32413424e-03  8.93336710e-02 
 1.32746724e-03  8.83737080e-02 
 1.33080024e-03  8.73749892e-02 
 1.33413324e-03  8.63379525e-02 
 1.33746624e-03  8.52630527e-02 
 1.34079924e-03  8.41507612e-02 
 1.34413224e-03  8.30015657e-02 
 1.34746524e-03  8.18159703e-02 
 1.35079824e-03  8.05944949e-02 
 1.35413124e-03  7.93376752e-02 
 1.35746424e-03  7.80460623e-02 
 1.36079724e-03  7.67202226e-02 
 1.36413024e-03  7.53607377e-02 
 1.36746324e-03  7.39682036e-02 
 1.37079624e-03  7.25432312e-02 
 1.37412924e-03  7.10864453e-02 
 1.37746224e-03  6.95984847e-02 
 1.38079524e-03  6.80800020e-02 
 1.38412824e-03  6.65316632e-02 
 1.38746124e-03  6.49541472e-02 
 1.39079424e-03  6.33481459e-02 
 1.39412724e-03  6.17143636e-02 
 1.39746024e-03  6.00535167e-02 
 1.40079324e-03  5.83663336e-02 
 1.40412624e-03  5.66535543e-02 
 1.40745924e-03  5.49159298e-02 
 1.41079224e-03  5.31542221e-02 
 1.41412524e-03  5.13692040e-02 
 1.41745824e-03  4.95616581e-02 
 1.42079124e-03  4.77323772e-02 
 1.42412424e-03  4.58821634e-02 
 1.42745724e-03  4.40118283e-02 
 1.43079024e-03  4.21221920e-02 
 1.43412324e-03  4.02140832e-02 
 1.43745624e-03  3.82883387e-02 
 1.44078924e-03  3.63458030e-02 
 1.44412224e-03  3.43873280e-02 
 1.44745524e-03  3.24137727e-02 
 1.45078824e-03  3.04260024e-02 
 1.45412124e-03  2.84248890e-02 
 1.45745424e-03  2.64113099e-02 
 1.46078724e-03  2.43861483e-02 
 1.46412024e-03  2.23502923e-02 
 1.46745324e-03  2.03046346e-02 
 1.47078624e-03  1.82500725e-02 
 1.47411924e-03  1.61875069e-02 
 1.47745224e-03  1.41178423e-02 
 1.48078524e-03  1.20419864e-02 
 1.48411824e-03  9.96084952e-03 
 1.48745124e-03  7.87534439e-03 
 1.49078424e-03  5.78638556e-03 
 1.49411724e-03  3.69488914e-03 
 1.49745024e-03  1.60177234e-03 
 1.50078324e-03 -4.92046904e-04 
 1.50411624e-03 -2.58565036e-03 
 1.50744924e-03 -4.67811990e-03 
 1.51078224e-03 -6.76853786e-03 
 1.51411524e-03 -8.85598751e-03 
 1.51744824e-03 -1.09395534e-02 
 1.52078124e-03 -1.30183218e-02 
 1.52411424e-03 -1.50913811e-02 
 1.52744724e-03 -1.71578221e-02 
 1.53078024e-03 -1.92167387e-02 
 1.53411324e-03 -2.12672278e-02 
 1.53744624e-03 -2.33083903e-02 
 1.54077924e-03 -2.53393310e-02 
 1.54411224e-03 -2.73591592e-02 
 1.54744524e-03 -2.93669892e-02 
 1.55077824e-03 -3.13619405e-02 
 1.55411124e-03 -3.33431381e-02 
 1.55744424e-03 -3.53097133e-02 
 1.56077724e-03 -3.72608035e-02 
 1.56411024e-03 -3.91955532e-02 
 1.56744324e-03 -4.11131139e-02 
 1.57077624e-03 -4.30126446e-02 
 1.57410924e-03 -4.48933122e-02 
 1.57744224e-03 -4.67542922e-02 
 1.58077524e-03 -4.85947683e-02 
 1.58410824e-03 -5.04139333e-02 
 1.58744124e-03 -5.22109896e-02 
 1.59077424e-03 -5.39851489e-02 
 1.59410724e-03 -5.57356334e-02 
 1.59744024e-03 -5.74616752e-02 
 1.60077324e-03 -5.91625175e-02 
 1.60410624e-03 -6.08374143e-02 
 1.60743924e-03 -6.24856312e-02 
 1.61077224e-03 -6.41064453e-02 
 1.61410524e-03 -6.56991458e-02 
 1.61743824e-03 -6.72630342e-02 
 1.62077124e-03 -6.87974248e-02 
 1.62410424e-03 -7.03016445e-02 
 1.62743724e-03 -7.17750338e-02 
 1.63077024e-03 -7.32169465e-02 
 1.63410324e-03 -7.46267503e-02 
 1.63743624e-03 -7.60038268e-02 
 1.64076924e-03 -7.73475722e-02 
 1.64410224e-03 -7.86573972e-02 
 1.64743524e-03 -7.99327274e-02 
 1.65076824e-03 -8.11730034e-02 
 1.65410124e-03 -8.23776814e-02 
 1.65743424e-03 -8.35462330e-02 
 1.66076724e-03 -8.46781458e-02 
 1.66410024e-03 -8.57729235e-02 
 1.66743324e-03 -8.68300858e-02 
 1.67076624e-03 -8.78491691e-02 
 1.67409924e-03 -8.88297267e-02 
 1.67743224e-03 -8.97713283e-02 
 1.68076524e-03 -9.06735612e-02 
 1.68409824e-03 -9.15360296e-02 
 1.68743124e-03 -9.23583553e-02 
 1.69076424e-03 -9.31401777e-02 
 1.69409724e-03 -9.38811538e-02 
 1.69743024e-03 -9.45809589e-02 
 1.70076324e-03 -9.52392859e-02 
 1.70409624e-03 -9.58558461e-02 
 1.70742924e-03 -9.64303693e-02 
 1.71076224e-03 -9.69626033e-02 
 1.71409524e-03 -9.74523148e-02 
 1.71742824e-03 -9.78992891e-02 
 1.72076124e-03 -9.83033301e-02 
 1.72409424e-03 -9.86642606e-02 
 1.72742724e-03 -9.89819224e-02 
 1.73076024e-03 -9.92561761e-02 
 1.73409324e-03 -9.94869015e-02 
 1.73742624e-03 -9.96739973e-02 
 1.74075924e-03 -9.98173816e-02 
 1.74409224e-03 -9.99169915e-02 
 1.74742524e-03 -9.99727832e-02 
 1.75075824e-03 -9.99847323e-02 
 1.75409124e-03 -9.99528336e-02 
 1.75742424e-03 -9.98771010e-02 
 1.76075724e-03 -9.97575678e-02 
 1.76409024e-03 -9.95942864e-02 
 1.76742324e-03 -9.93873283e-02 
 1.77075624e-03 -9.91367844e-02 
 1.77408924e-03 -9.88427646e-02 
 1.77742224e-03 -9.85053977e-02 
 1.78075524e-03 -9.81248317e-02 
 1.78408824e-03 -9.77012335e-02 
 1.78742124e-03 -9.72347889e-02 
 1.79075424e-03 -9.67257025e-02 
 1.79408724e-03 -9.61741974e-02 
 1.79742024e-03 -9.55805156e-02 
 1.80075324e-03 -9.49449174e-02 
 1.80408624e-03 -9.42676816e-02 
 1.80741924e-03 -9.35491051e-02 
 1.81075224e-03 -9.27895030e-02 
 1.81408524e-03 -9.19892086e-02 
 1.81741824e-03 -9.11485727e-02 
 1.82075124e-03 -9.02679641e-02 
 1.82408424e-03 -8.93477688e-02 
 1.82741724e-03 -8.83883906e-02 
 1.83075024e-03 -8.73902499e-02 
 1.83408324e-03 -8.63537847e-02 
 1.83741624e-03 -8.52794495e-02 
 1.84074924e-03 -8.41677153e-02 
 1.84408224e-03 -8.30190698e-02 
 1.84741524e-03 -8.18340167e-02 
 1.85074824e-03 -8.06130756e-02 
 1.85408124e-03 -7.93567820e-02 
 1.85741424e-03 -7.80656869e-02 
 1.86074724e-03 -7.67403565e-02 
 1.86408024e-03 -7.53813719e-02 
 1.86741324e-03 -7.39893292e-02 
 1.87074624e-03 -7.25648388e-02 
 1.87407924e-03 -7.11085254e-02 
 1.87741224e-03 -6.96210277e-02 
 1.88074524e-03 -6.81029980e-02 
 1.88407824e-03 -6.65551021e-02 
 1.88741124e-03 -6.49780188e-02 
 1.89074424e-03 -6.33724396e-02 
 1.89407724e-03 -6.17390688e-02 
 1.89741024e-03 -6.00786225e-02 
 1.90074324e-03 -5.83918291e-02 
 1.90407624e-03 -5.66794282e-02 
 1.90740924e-03 -5.49421708e-02 
 1.91074224e-03 -5.31808188e-02 
 1.91407524e-03 -5.13961446e-02 
 1.91740824e-03 -4.95889308e-02 
 1.92074124e-03 -4.77599700e-02 
 1.92407424e-03 -4.59100643e-02 
 1.92740724e-03 -4.40400250e-02 
 1.93074024e-03 -4.21506721e-02 
 1.93407324e-03 -4.02428343e-02 
 1.93740624e-03 -3.83173481e-02 
 1.94073924e-03 -3.63750581e-02 
 1.94407224e-03 -3.44168159e-02 
 1.94740524e-03 -3.24434804e-02 
 1.95073824e-03 -3.04559169e-02 
 1.95407124e-03 -2.84549972e-02 
 1.95740424e-03 -2.64415986e-02 
 1.96073724e-03 -2.44166043e-02 
 1.96407024e-03 -2.23809021e-02 
 1.96740324e-03 -2.03353848e-02 
 1.97073624e-03 -1.82809496e-02 
 1.97406924e-03 -1.62184974e-02 
 1.97740224e-03 -1.41489326e-02 
 1.98073524e-03 -1.20731629e-02 
 1.98406824e-03 -9.99209849e-03 
 1.98740124e-03 -7.90665213e-03 
 1.99073424e-03 -5.81773835e-03 
 1.99406724e-03 -3.72627322e-03 
 1.99740024e-03 -1.63317395e-03 
 2.00073324e-03  4.60641538e-04 
 2.00406624e-03  2.55425502e-03 
 2.00739924e-03  4.64674834e-03 
 2.01073224e-03  6.73720386e-03 
 2.01406524e-03  8.82470481e-03 
 2.01739824e-03  1.09083357e-02 
 2.02073124e-03  1.29871828e-02 
 2.02406424e-03  1.50603345e-02 
 2.02739724e-03  1.71268815e-02 
 2.03073024e-03  1.91859176e-02 
 2.03406324e-03  2.12365398e-02 
 2.03739624e-03  2.32778488e-02 
 2.04072924e-03  2.53089495e-02 
 2.04406224e-03  2.73289510e-02 
 2.04739524e-03  2.93369675e-02 
 2.05072824e-03  3.13321184e-02 
 2.05406124e-03  3.33135288e-02 
 2.05739424e-03  3.52803297e-02 
 2.06072724e-03  3.72316586e-02 
 2.06406024e-03  3.91666597e-02 
 2.06739324e-03  4.10844845e-02 
 2.07072624e-03  4.29842918e-02 
 2.07405924e-03  4.48652486e-02 
 2.07739224e-03  4.67265299e-02 
 2.08072524e-03  4.85673196e-02 
 2.08405824e-03  5.03868102e-02 
 2.08739124e-03  5.21842040e-02 
 2.09072424e-03  5.39587126e-02 
 2.09405724e-03  5.57095579e-02 
 2.09739024e-03  5.74359720e-02 
 2.10072324e-03  5.91371979e-02 
 2.10405624e-03  6.08124894e-02 
 2.10738924e-03  6.24611119e-02 
 2.11072224e-03  6.40823423e-02 
 2.11405524e-03  6.56754698e-02 
 2.11738824e-03  6.72397955e-02 
 2.12072124e-03  6.87746336e-02 
 2.12405424e-03  7.02793109e-02 
 2.12738724e-03  7.17531675e-02 
 2.13072024e-03  7.31955571e-02 
 2.13405324e-03  7.46058471e-02 
 2.13738624e-03  7.59834191e-02 
 2.14071924e-03  7.73276689e-02 
 2.14405224e-03  7.86380071e-02 
 2.14738524e-03  7.99138589e-02 
 2.15071824e-03  8.11546648e-02 
 2.15405124e-03  8.23598808e-02 
 2.15738424e-03  8.35289782e-02 
 2.16071724e-03  8.46614444e-02 
 2.16405024e-03  8.57567826e-02 
 2.16738324e-03  8.68145127e-02 
 2.17071624e-03  8.78341707e-02 
 2.17404924e-03  8.88153094e-02 
 2.17738224e-03  8.97574985e-02 
 2.18071524e-03  9.06603249e-02 
 2.18404824e-03  9.15233927e-02 
 2.18738124e-03  9.23463233e-02 
 2.19071424e-03  9.31287559e-02 
 2.19404724e-03  9.38703472e-02 
 2.19738024e-03  9.45707722e-02 
 2.20071324e-03  9.52297236e-02 
 2.20404624e-03  9.58469125e-02 
 2.20737924e-03  9.64220681e-02 
 2.21071224e-03  9.69549383e-02 
 2.21404524e-03  9.74452894e-02 
 2.21737824e-03  9.78929063e-02 
 2.22071124e-03  9.82975927e-02 
 2.22404424e-03  9.86591712e-02 
 2.22737724e-03  9.89774831e-02 
 2.23071024e-03  9.92523890e-02 
 2.23404324e-03  9.94837681e-02 
 2.23737624e-03  9.96715191e-02 
 2.24070924e-03  9.98155597e-02 
 2.24404224e-03  9.99158266e-02 
 2.24737524e-03  9.99722759e-02 
 2.25070824e-03  9.99848828e-02 
 2.25404124e-03  9.99536418e-02 
 2.25737424e-03  9.98785666e-02 
 2.26070724e-03  9.97596901e-02 
 2.26404024e-03  9.95970645e-02 
 2.26737324e-03  9.93907610e-02 
 2.27070624e-03  9.91408702e-02 
 2.27403924e-03  9.88475017e-02 
 2.27737224e-03  9.85107840e-02 
 2.28070524e-03  9.81308649e-02 
 2.28403824e-03  9.77079109e-02 
 2.28737124e-03  9.72421077e-02 
 2.29070424e-03  9.67336593e-02 
 2.29403724e-03  9.61827888e-02 
 2.29737024e-03  9.55897379e-02 
 2.30070324e-03  9.49547665e-02 
 2.30403624e-03  9.42781531e-02 
 2.30736924e-03  9.35601945e-02 
 2.31070224e-03  9.28012055e-02 
 2.31403524e-03  9.20015189e-02 
 2.31736824e-03  9.11614856e-02 
 2.32070124e-03  9.02814738e-02 
 2.32403424e-03  8.93618694e-02 
 2.32736724e-03  8.84030759e-02 
 2.33070024e-03  8.74055136e-02 
 2.33403324e-03  8.63696200e-02 
 2.33736624e-03  8.52958494e-02 
 2.34069924e-03  8.41846727e-02 
 2.34403224e-03  8.30365772e-02 
 2.34736524e-03  8.18520665e-02 
 2.35069824e-03  8.06316599e-02 
 2.35403124e-03  7.93758926e-02 
 2.35736424e-03  7.80853154e-02 
 2.36069724e-03  7.67604943e-02 
 2.36403024e-03  7.54020102e-02 
 2.36736324e-03  7.40104589e-02 
 2.37069624e-03  7.25864507e-02 
 2.37402924e-03  7.11306101e-02 
 2.37736224e-03  6.96435754e-02 
 2.38069524e-03  6.81259989e-02 
 2.38402824e-03  6.65785460e-02 
 2.38736124e-03  6.50018954e-02 
 2.39069424e-03  6.33967386e-02 
 2.39402724e-03  6.17637794e-02 
 2.39736024e-03  6.01037340e-02 
 2.40069324e-03  5.84173304e-02 
 2.40402624e-03  5.67053081e-02 
 2.40735924e-03  5.49684180e-02 
 2.41069224e-03  5.32074217e-02 
 2.41402524e-03  5.14230916e-02 
 2.41735824e-03  4.96162101e-02 
 2.42069124e-03  4.77875697e-02 
 2.42402424e-03  4.59379723e-02 
 2.42735724e-03  4.40682289e-02 
 2.43069024e-03  4.21791597e-02 
 2.43402324e-03  4.02715930e-02 
 2.43735624e-03  3.83463653e-02 
 2.44068924e-03  3.64043211e-02 
 2.44402224e-03  3.44463119e-02 
 2.44735524e-03  3.24731964e-02 
 2.45068824e-03  3.04858400e-02 
 2.45402124e-03  2.84851142e-02 
 2.45735424e-03  2.64718963e-02 
 2.46068724e-03  2.44470693e-02 
 2.46402024e-03  2.24115212e-02 
 2.46735324e-03  2.03661446e-02 
 2.47068624e-03  1.83118365e-02 
 2.47401924e-03  1.62494978e-02 
 2.47735224e-03  1.41800331e-02 
 2.48068524e-03  1.21043497e-02 
 2.48401824e-03  1.00233580e-02 
 2.48735124e-03  7.93797063e-03 
 2.49068424e-03  5.84910209e-03 
 2.49401724e-03  3.75766846e-03 
 2.49735024e-03  1.66458693e-03 
 2.50068324e-03 -4.29224601e-04 
 2.50401624e-03 -2.52284790e-03 
 2.50734924e-03 -4.61536481e-03 
 2.51068224e-03 -6.70585767e-03 
 2.51401524e-03 -8.79340971e-03 
 2.51734824e-03 -1.08771054e-02 
 2.52068124e-03 -1.29560311e-02 
 2.52401424e-03 -1.50292749e-02 
 2.52734724e-03 -1.70959277e-02 
 2.53068024e-03 -1.91550831e-02 
 2.53401324e-03 -2.12058382e-02 
 2.53734624e-03 -2.32472936e-02 
 2.54067924e-03 -2.52785539e-02 
 2.54401224e-03 -2.72987285e-02 
 2.54734524e-03 -2.93069313e-02 
 2.55067824e-03 -3.13022818e-02 
 2.55401124e-03 -3.32839047e-02 
 2.55734424e-03 -3.52509312e-02 
 2.56067724e-03 -3.72024985e-02 
 2.56401024e-03 -3.91377508e-02 
 2.56734324e-03 -4.10558395e-02 
 2.57067624e-03 -4.29559233e-02 
 2.57400924e-03 -4.48371690e-02 
 2.57734224e-03 -4.66987515e-02 
 2.58067524e-03 -4.85398545e-02 
 2.58400824e-03 -5.03596707e-02 
 2.58734124e-03 -5.21574018e-02 
 2.59067424e-03 -5.39322595e-02 
 2.59400724e-03 -5.56834655e-02 
 2.59734024e-03 -5.74102517e-02 
 2.60067324e-03 -5.91118610e-02 
 2.60400624e-03 -6.07875470e-02 
 2.60733924e-03 -6.24365749e-02 
 2.61067224e-03 -6.40582216e-02 
 2.61400524e-03 -6.56517758e-02 
 2.61733824e-03 -6.72165387e-02 
 2.62067124e-03 -6.87518241e-02 
 2.62400424e-03 -7.02569588e-02 
 2.62733724e-03 -7.17312826e-02 
 2.63067024e-03 -7.31741489e-02 
 2.63400324e-03 -7.45849251e-02 
 2.63733624e-03 -7.59629924e-02 
 2.64066924e-03 -7.73077465e-02 
 2.64400224e-03 -7.86185977e-02 
 2.64733524e-03 -7.98949710e-02 
 2.65066824e-03 -8.11363067e-02 
 2.65400124e-03 -8.23420605e-02 
 2.65733424e-03 -8.35117036e-02 
 2.66066724e-03 -8.46447230e-02 
 2.66400024e-03 -8.57406219e-02 
 2.66733324e-03 -8.67989196e-02 
 2.67066624e-03 -8.78191520e-02 
 2.67399924e-03 -8.88008718e-02 
 2.67733224e-03 -8.97436483e-02 
 2.68066524e-03 -9.06470682e-02 
 2.68399824e-03 -9.15107352e-02 
 2.68733124e-03 -9.23342707e-02 
 2.69066424e-03 -9.31173134e-02 
 2.69399724e-03 -9.38595199e-02 
 2.69733024e-03 -9.45605647e-02 
 2.70066324e-03 -9.52201405e-02 
 2.70399624e-03 -9.58379579e-02 
 2.70732924e-03 -9.64137460e-02 
 2.71066224e-03 -9.69472523e-02 
 2.71399524e-03 -9.74382429e-02 
 2.71732824e-03 -9.78865023e-02 
 2.72066124e-03 -9.82918341e-02 
 2.72399424e-03 -9.86540605e-02 
 2.72732724e-03 -9.89730226e-02 
 2.73066024e-03 -9.92485805e-02 
 2.73399324e-03 -9.94806134e-02 
 2.73732624e-03 -9.96690196e-02 
 2.74065924e-03 -9.98137164e-02 
 2.74399224e-03 -9.99146403e-02 
 2.74732524e-03 -9.99717472e-02 
 2.75065824e-03 -9.99850119e-02 
 2.75399124e-03 -9.99544286e-02 
 2.75732424e-03 -9.98800108e-02 
 2.76065724e-03 -9.97617911e-02 
 2.76399024e-03 -9.95998213e-02 
 2.76732324e-03 -9.93941724e-02 
 2.77065624e-03 -9.91449347e-02 
 2.77398924e-03 -9.88522175e-02 
 2.77732224e-03 -9.85161491e-02 
 2.78065524e-03 -9.81368769e-02 
 2.78398824e-03 -9.77145672e-02 
 2.78732124e-03 -9.72494052e-02 
 2.79065424e-03 -9.67415950e-02 
 2.79398724e-03 -9.61913592e-02 
 2.79732024e-03 -9.55989391e-02 
 2.80065324e-03 -9.49645946e-02 
 2.80398624e-03 -9.42886038e-02 
 2.80731924e-03 -9.35712631e-02 
 2.81065224e-03 -9.28128872e-02 
 2.81398524e-03 -9.20138087e-02 
 2.81731824e-03 -9.11743779e-02 
 2.82065124e-03 -9.02949630e-02 
 2.82398424e-03 -8.93759497e-02 
 2.82731724e-03 -8.84177410e-02 
 2.83065024e-03 -8.74207571e-02 
 2.83398324e-03 -8.63854352e-02 
 2.83731624e-03 -8.53122294e-02 
 2.84064924e-03 -8.42016103e-02 
 2.84398224e-03 -8.30540650e-02 
 2.84731524e-03 -8.18700967e-02 
 2.85064824e-03 -8.06502246e-02 
 2.85398124e-03 -7.93949838e-02 
 2.85731424e-03 -7.81049247e-02 
 2.86064724e-03 -7.67806130e-02 
 2.86398024e-03 -7.54226296e-02 
 2.86731324e-03 -7.40315699e-02 
 2.87064624e-03 -7.26080440e-02 
 2.87397924e-03 -7.11526762e-02 
 2.87731224e-03 -6.96661047e-02 
 2.88064524e-03 -6.81489814e-02 
 2.88397824e-03 -6.66019718e-02 
 2.88731124e-03 -6.50257541e-02 
 2.89064424e-03 -6.34210198e-02 
 2.89397724e-03 -6.17884724e-02 
 2.89731024e-03 -6.01288280e-02 
 2.90064324e-03 -5.84428143e-02 
 2.90397624e-03 -5.67311709e-02 
 2.90730924e-03 -5.49946482e-02 
 2.91064224e-03 -5.32340079e-02 
 2.91397524e-03 -5.14500221e-02 
 2.91730824e-03 -4.96434731e-02 
 2.92064124e-03 -4.78151531e-02 
 2.92397424e-03 -4.59658641e-02 
 2.92730724e-03 -4.40964170e-02 
 2.93064024e-03 -4.22076315e-02 
 2.93397324e-03 -4.03003362e-02 
 2.93730624e-03 -3.83753673e-02 
 2.94063924e-03 -3.64335690e-02 
 2.94397224e-03 -3.44757930e-02 
 2.94730524e-03 -3.25028978e-02 
 2.95063824e-03 -3.05157485e-02 
 2.95397124e-03 -2.85152168e-02 
 2.95730424e-03 -2.65021798e-02 
 2.96063724e-03 -2.44775204e-02 
 2.96397024e-03 -2.24421265e-02 
 2.96730324e-03 -2.03968908e-02 
 2.97063624e-03 -1.83427100e-02 
 2.97396924e-03 -1.62804852e-02 
 2.97730224e-03 -1.42111206e-02 
 2.98063524e-03 -1.21355238e-02 
 2.98396824e-03 -1.00546050e-02 
 2.98730124e-03 -7.96927681e-03 
 2.99063424e-03 -5.88045374e-03 
 2.99396724e-03 -3.78905182e-03 
 2.99730024e-03 -1.69598822e-03 
 3.00063324e-03  3.97819139e-04 
 3.00396624e-03  2.49145204e-03 
 3.00729924e-03  4.58399233e-03 
 3.01063224e-03  6.67452233e-03 
 3.01396524e-03  8.76212526e-03 
 3.01729824e-03  1.08458856e-02 
 3.02063124e-03  1.29248895e-02 
 3.02396424e-03  1.49982253e-02 
 3.02729724e-03  1.70649837e-02 
 3.03063024e-03  1.91242583e-02 
 3.03396324e-03  2.11751460e-02 
 3.03729624e-03  2.32167475e-02 
 3.04062924e-03  2.52481674e-02 
 3.04396224e-03  2.72685149e-02 
 3.04729524e-03  2.92769038e-02 
 3.05062824e-03  3.12724535e-02 
 3.05396124e-03  3.32542888e-02 
 3.05729424e-03  3.52215406e-02 
 3.06062724e-03  3.71733462e-02 
 3.06396024e-03  3.91088496e-02 
 3.06729324e-03  4.10272020e-02 
 3.07062624e-03  4.29275620e-02 
 3.07395924e-03  4.48090964e-02 
 3.07729224e-03  4.66709800e-02 
 3.08062524e-03  4.85123963e-02 
 3.08395824e-03  5.03325376e-02 
 3.08729124e-03  5.21306059e-02 
 3.09062424e-03  5.39058125e-02 
 3.09395724e-03  5.56573790e-02 
 3.09729024e-03  5.73845372e-02 
 3.10062324e-03  5.90865297e-02 
 3.10395624e-03  6.07626101e-02 
 3.10728924e-03  6.24120433e-02 
 3.11062224e-03  6.40341060e-02 
 3.11395524e-03  6.56280868e-02 
 3.11728824e-03  6.71932868e-02 
 3.12062124e-03  6.87290194e-02 
 3.12395424e-03  7.02346113e-02 
 3.12728724e-03  7.17094021e-02 
 3.13062024e-03  7.31527451e-02 
 3.13395324e-03  7.45640072e-02 
 3.13728624e-03  7.59425697e-02 
 3.14061924e-03  7.72878280e-02 
 3.14395224e-03  7.85991920e-02 
 3.14728524e-03  7.98760867e-02 
 3.15061824e-03  8.11179521e-02 
 3.15395124e-03  8.23242437e-02 
 3.15728424e-03  8.34944323e-02 
 3.16061724e-03  8.46280048e-02 
 3.16395024e-03  8.57244641e-02 
 3.16728324e-03  8.67833294e-02 
 3.17061624e-03  8.78041362e-02 
 3.17394924e-03  8.87864369e-02 
 3.17728224e-03  8.97298008e-02 
 3.18061524e-03  9.06338140e-02 
 3.18394824e-03  9.14980803e-02 
 3.18728124e-03  9.23222205e-02 
 3.19061424e-03  9.31058732e-02 
 3.19394724e-03  9.38486947e-02 
 3.19728024e-03  9.45503594e-02 
 3.20061324e-03  9.52105594e-02 
 3.20394624e-03  9.58290053e-02 
 3.20727924e-03  9.64054258e-02 
 3.21061224e-03  9.69395682e-02 
 3.21394524e-03  9.74311982e-02 
 3.21727824e-03  9.78801002e-02 
 3.22061124e-03  9.82860773e-02 
 3.22394424e-03  9.86489516e-02 
 3.22727724e-03  9.89685638e-02 
 3.23061024e-03  9.92447738e-02 
 3.23394324e-03  9.94774604e-02 
 3.23727624e-03  9.96665217e-02 
 3.24060924e-03  9.98118747e-02 
 3.24394224e-03  9.99134557e-02 
 3.24727524e-03  9.99712201e-02 
 3.25060824e-03  9.99851426e-02 
 3.25394124e-03  9.99552171e-02 
 3.25727424e-03  9.98814566e-02 
 3.26060724e-03  9.97638937e-02 
 3.26394024e-03  9.96025797e-02 
 3.26727324e-03  9.93975855e-02 
 3.27060624e-03  9.91490010e-02 
 3.27393924e-03  9.88569351e-02 
 3.27727224e-03  9.85215160e-02 
 3.28060524e-03  9.81428907e-02 
 3.28393824e-03  9.77212253e-02 
 3.28727124e-03  9.72567048e-02 
 3.29060424e-03  9.67495327e-02 
 3.29393724e-03  9.61999316e-02 
 3.29727024e-03  9.56081425e-02 
 3.30060324e-03  9.49744249e-02 
 3.30393624e-03  9.42990567e-02 
 3.30726924e-03  9.35823341e-02 
 3.31060224e-03  9.28245713e-02 
 3.31393524e-03  9.20261008e-02 
 3.31726824e-03  9.11872727e-02 
 3.32060124e-03  9.03084549e-02 
 3.32393424e-03  8.93900326e-02 
 3.32726724e-03  8.84324088e-02 
 3.33060024e-03  8.74360034e-02 
 3.33393324e-03  8.64012534e-02 
 3.33726624e-03  8.53286124e-02 
 3.34059924e-03  8.42185510e-02 
 3.34393224e-03  8.30715560e-02 
 3.34726524e-03  8.18881303e-02 
 3.35059824e-03  8.06687930e-02 
 3.35393124e-03  7.94140787e-02 
 3.35726424e-03  7.81245378e-02 
 3.36059724e-03  7.68007357e-02 
 3.36393024e-03  7.54432530e-02 
 3.36726324e-03  7.40526850e-02 
 3.37059624e-03  7.26296416e-02 
 3.37392924e-03  7.11747468e-02 
 3.37726224e-03  6.96886386e-02 
 3.38059524e-03  6.81719688e-02 
 3.38392824e-03  6.66254025e-02 
 3.38726124e-03  6.50496180e-02 
 3.39059424e-03  6.34453062e-02 
 3.39392724e-03  6.18131708e-02 
 3.39726024e-03  6.01539275e-02 
 3.40059324e-03  5.84683040e-02 
 3.40392624e-03  5.67570395e-02 
 3.40725924e-03  5.50208845e-02 
 3.41059224e-03  5.32606003e-02 
 3.41392524e-03  5.14769589e-02 
 3.41725824e-03  4.96707426e-02 
 3.42059124e-03  4.78427434e-02 
 3.42392424e-03  4.59937630e-02 
 3.42725724e-03  4.41246122e-02 
 3.43059024e-03  4.22361108e-02 
 3.43392324e-03  4.03290869e-02 
 3.43725624e-03  3.84043769e-02 
 3.44058924e-03  3.64628248e-02 
 3.44392224e-03  3.45052822e-02 
 3.44725524e-03  3.25326074e-02 
 3.45058824e-03  3.05456656e-02 
 3.45392124e-03  2.85453281e-02 
 3.45725424e-03  2.65324722e-02 
 3.46058724e-03  2.45079806e-02 
 3.46392024e-03  2.24727412e-02 
 3.46725324e-03  2.04276465e-02 
 3.47058624e-03  1.83735933e-02 
 3.47391924e-03  1.63114824e-02 
 3.47725224e-03  1.42422182e-02 
 3.48058524e-03  1.21667082e-02 
 3.48391824e-03  1.00858625e-02 
 3.48725124e-03  8.00059373e-03 
 3.49058424e-03  5.91181632e-03 
 3.49391724e-03  3.82044631e-03 
 3.49725024e-03  1.72740086e-03 
 3.50058324e-03 -3.66402128e-04 
 3.50391624e-03 -2.46004443e-03 
 3.50724924e-03 -4.55260789e-03 
 3.51058224e-03 -6.64317483e-03 
 3.51391524e-03 -8.73082843e-03 
 3.51724824e-03 -1.08146532e-02 
 3.52058124e-03 -1.28937352e-02 
 3.52391424e-03 -1.49671627e-02 
 3.52724724e-03 -1.70340265e-02 
 3.53058024e-03 -1.90934200e-02 
 3.53391324e-03 -2.11444402e-02 
 3.53724624e-03 -2.31861877e-02 
 3.54057924e-03 -2.52177669e-02 
 3.54391224e-03 -2.72382870e-02 
 3.54724524e-03 -2.92468619e-02 
 3.55057824e-03 -3.12426107e-02 
 3.55391124e-03 -3.32246582e-02 
 3.55724424e-03 -3.51921351e-02 
 3.56057724e-03 -3.71441788e-02 
 3.56391024e-03 -3.90799330e-02 
 3.56724324e-03 -4.09985489e-02 
 3.57057624e-03 -4.28991850e-02 
 3.57390924e-03 -4.47810080e-02 
 3.57724224e-03 -4.66431924e-02 
 3.58057524e-03 -4.84849217e-02 
 3.58390824e-03 -5.03053881e-02 
 3.58724124e-03 -5.21037934e-02 
 3.59057424e-03 -5.38793487e-02 
 3.59390724e-03 -5.56312756e-02 
 3.59724024e-03 -5.73588055e-02 
 3.60057324e-03 -5.90611811e-02 
 3.60390624e-03 -6.07376556e-02 
 3.60723924e-03 -6.23874940e-02 
 3.61057224e-03 -6.40099726e-02 
 3.61390524e-03 -6.56043799e-02 
 3.61723824e-03 -6.71700167e-02 
 3.62057124e-03 -6.87061964e-02 
 3.62390424e-03 -7.02122453e-02 
 3.62723724e-03 -7.16875030e-02 
 3.63057024e-03 -7.31313225e-02 
 3.63390324e-03 -7.45430705e-02 
 3.63723624e-03 -7.59221280e-02 
 3.64056924e-03 -7.72678903e-02 
 3.64390224e-03 -7.85797671e-02 
 3.64723524e-03 -7.98571830e-02 
 3.65056824e-03 -8.10995780e-02 
 3.65390124e-03 -8.23064072e-02 
 3.65723424e-03 -8.34771412e-02 
 3.66056724e-03 -8.46112667e-02 
 3.66390024e-03 -8.57082864e-02 
 3.66723324e-03 -8.67677191e-02 
 3.67056624e-03 -8.77891002e-02 
 3.67389924e-03 -8.87719818e-02 
 3.67723224e-03 -8.97159329e-02 
 3.68056524e-03 -9.06205394e-02 
 3.68389824e-03 -9.14854048e-02 
 3.68723124e-03 -9.23101496e-02 
 3.69056424e-03 -9.30944123e-02 
 3.69389724e-03 -9.38378488e-02 
 3.69723024e-03 -9.45401332e-02 
 3.70056324e-03 -9.52009575e-02 
 3.70389624e-03 -9.58200318e-02 
 3.70722924e-03 -9.63970847e-02 
 3.71056224e-03 -9.69318631e-02 
 3.71389524e-03 -9.74241324e-02 
 3.71722824e-03 -9.78736769e-02 
 3.72056124e-03 -9.82802994e-02 
 3.72389424e-03 -9.86438214e-02 
 3.72722724e-03 -9.89640837e-02 
 3.73056024e-03 -9.92409457e-02 
 3.73389324e-03 -9.94742861e-02 
 3.73722624e-03 -9.96640025e-02 
 3.74055924e-03 -9.98100117e-02 
 3.74389224e-03 -9.99122497e-02 
 3.74722524e-03 -9.99706717e-02 
 3.75055824e-03 -9.99852520e-02 
 3.75389124e-03 -9.99559842e-02 
 3.75722424e-03 -9.98828811e-02 
 3.76055724e-03 -9.97659749e-02 
 3.76389024e-03 -9.96053168e-02 
 3.76722324e-03 -9.94009773e-02 
 3.77055624e-03 -9.91530459e-02 
 3.77388924e-03 -9.88616314e-02 
 3.77722224e-03 -9.85268616e-02 
 3.78055524e-03 -9.81488833e-02 
 3.78388824e-03 -9.77278623e-02 
 3.78722124e-03 -9.72639832e-02 
 3.79055424e-03 -9.67574494e-02 
 3.79388724e-03 -9.62084830e-02 
 3.79722024e-03 -9.56173249e-02 
 3.80055324e-03 -9.49842343e-02 
 3.80388624e-03 -9.43094888e-02 
 3.80721924e-03 -9.35933842e-02 
 3.81055224e-03 -9.28362348e-02 
 3.81388524e-03 -9.20383724e-02 
 3.81721824e-03 -9.12001470e-02 
 3.82055124e-03 -9.03219263e-02 
 3.82388424e-03 -8.94040953e-02 
 3.82721724e-03 -8.84470565e-02 
 3.83055024e-03 -8.74512297e-02 
 3.83388324e-03 -8.64170515e-02 
 3.83721624e-03 -8.53449756e-02 
 3.84054924e-03 -8.42354720e-02 
 3.84388224e-03 -8.30890273e-02 
 3.84721524e-03 -8.19061444e-02 
 3.85054824e-03 -8.06873418e-02 
 3.85388124e-03 -7.94331543e-02 
 3.85721424e-03 -7.81441316e-02 
 3.86054724e-03 -7.68208393e-02 
 3.86388024e-03 -7.54638575e-02 
 3.86721324e-03 -7.40737814e-02 
 3.87054624e-03 -7.26512205e-02 
 3.87387924e-03 -7.11967989e-02 
 3.87721224e-03 -6.97111542e-02 
 3.88054524e-03 -6.81949379e-02 
 3.88387824e-03 -6.66488152e-02 
 3.88721124e-03 -6.50734639e-02 
 3.89054424e-03 -6.34695749e-02 
 3.89387724e-03 -6.18378516e-02 
 3.89721024e-03 -6.01790097e-02 
 3.90054324e-03 -5.84937765e-02 
 3.90387624e-03 -5.67828911e-02 
 3.90720924e-03 -5.50471039e-02 
 3.91054224e-03 -5.32871760e-02 
 3.91387524e-03 -5.15038793e-02 
 3.91720824e-03 -4.96979957e-02 
 3.92054124e-03 -4.78703174e-02 
 3.92387424e-03 -4.60216457e-02 
 3.92720724e-03 -4.41527915e-02 
 3.93054024e-03 -4.22645743e-02 
 3.93387324e-03 -4.03578221e-02 
 3.93720624e-03 -3.84333712e-02 
 3.94053924e-03 -3.64920656e-02 
 3.94387224e-03 -3.45347564e-02 
 3.94720524e-03 -3.25623023e-02 
 3.95053824e-03 -3.05755681e-02 
 3.95387124e-03 -2.85754251e-02 
 3.95720424e-03 -2.65627505e-02 
 3.96053724e-03 -2.45384269e-02 
 3.96387024e-03 -2.25033421e-02 
 3.96720324e-03 -2.04583886e-02 
 3.97053624e-03 -1.84044632e-02 
 3.97386924e-03 -1.63424665e-02 
 3.97720224e-03 -1.42733030e-02 
 3.98053524e-03 -1.21978799e-02 
 3.98386824e-03 -1.01171075e-02 
 3.98720124e-03 -8.03189835e-03 
 3.99053424e-03 -5.94316681e-03 
 3.99386724e-03 -3.85182892e-03 
 3.99720024e-03 -1.75880183e-03 
 4.00053324e-03  3.34996584e-04 
 4.00386624e-03  2.42864808e-03 
 4.00719924e-03  4.52123451e-03 
 4.01053224e-03  6.61183817e-03 
 4.01386524e-03  8.69954225e-03 
 4.01719824e-03  1.07834312e-02 
 4.02053124e-03  1.28625911e-02 
 4.02386424e-03  1.49361102e-02 
 4.02719724e-03  1.70030791e-02 
 4.03053024e-03  1.90625914e-02 
 4.03386324e-03  2.11137439e-02 
 4.03719624e-03  2.31556370e-02 
 4.04052924e-03  2.51873754e-02 
 4.04386224e-03  2.72080680e-02 
 4.04719524e-03  2.92168286e-02 
 4.05052824e-03  3.12127762e-02 
 4.05386124e-03  3.31950357e-02 
 4.05719424e-03  3.51627377e-02 
 4.06052724e-03  3.71150191e-02 
 4.06386024e-03  3.90510240e-02 
 4.06719324e-03  4.09699032e-02 
 4.07052624e-03  4.28708153e-02 
 4.07385924e-03  4.47529266e-02 
 4.07719224e-03  4.66154117e-02 
 4.08052524e-03  4.84574538e-02 
 4.08385824e-03  5.02782451e-02 
 4.08719124e-03  5.20769872e-02 
 4.09052424e-03  5.38528911e-02 
 4.09385724e-03  5.56051781e-02 
 4.09719024e-03  5.73330797e-02 
 4.10052324e-03  5.90358382e-02 
 4.10385624e-03  6.07127067e-02 
 4.10718924e-03  6.23629500e-02 
 4.11052224e-03  6.39858443e-02 
 4.11385524e-03  6.55806779e-02 
 4.11718824e-03  6.71467515e-02 
 4.12052124e-03  6.86833781e-02 
 4.12385424e-03  7.01898839e-02 
 4.12718724e-03  7.16656083e-02 
 4.13052024e-03  7.31099041e-02 
 4.13385324e-03  7.45221379e-02 
 4.13718624e-03  7.59016904e-02 
 4.14051924e-03  7.72479565e-02 
 4.14385224e-03  7.85603459e-02 
 4.14718524e-03  7.98382830e-02 
 4.15051824e-03  8.10812074e-02 
 4.15385124e-03  8.22885740e-02 
 4.15718424e-03  8.34598534e-02 
 4.16051724e-03  8.45945318e-02 
 4.16385024e-03  8.56921117e-02 
 4.16718324e-03  8.67521117e-02 
 4.17051624e-03  8.77740670e-02 
 4.17384924e-03  8.87575294e-02 
 4.17718224e-03  8.97020676e-02 
 4.18051524e-03  9.06072674e-02 
 4.18384824e-03  9.14727317e-02 
 4.18718124e-03  9.22980812e-02 
 4.19051424e-03  9.30829537e-02 
 4.19384724e-03  9.38270052e-02 
 4.19718024e-03  9.45299092e-02 
 4.20051324e-03  9.51913576e-02 
 4.20384624e-03  9.58110603e-02 
 4.20717924e-03  9.63887455e-02 
 4.21051224e-03  9.69241598e-02 
 4.21384524e-03  9.74170686e-02 
 4.21717824e-03  9.78672555e-02 
 4.22051124e-03  9.82745232e-02 
 4.22384424e-03  9.86386930e-02 
 4.22717724e-03  9.89596054e-02 
 4.23051024e-03  9.92371194e-02 
 4.23384324e-03  9.94711135e-02 
 4.23717624e-03  9.96614850e-02 
 4.24050924e-03  9.98081504e-02 
 4.24384224e-03  9.99110454e-02 
 4.24717524e-03  9.99701249e-02 
 4.25050824e-03  9.99853629e-02 
 4.25384124e-03  9.99567529e-02 
 4.25717424e-03  9.98843073e-02 
 4.26050724e-03  9.97680579e-02 
 4.26384024e-03  9.96080556e-02 
 4.26717324e-03  9.94043708e-02 
 4.27050624e-03  9.91570926e-02 
 4.27383924e-03  9.88663295e-02 
 4.27717224e-03  9.85322090e-02 
 4.28050524e-03  9.81548778e-02 
 4.28383824e-03  9.77345011e-02 
 4.28717124e-03  9.72712635e-02 
 4.29050424e-03  9.67653680e-02 
 4.29383724e-03  9.62170365e-02 
 4.29717024e-03  9.56265094e-02 
 4.30050324e-03  9.49940458e-02 
 4.30383624e-03  9.43199230e-02 
 4.30716924e-03  9.36044367e-02 
 4.31050224e-03  9.28479005e-02 
 4.31383524e-03  9.20506464e-02 
 4.31716824e-03  9.12130239e-02 
 4.32050124e-03  9.03354003e-02 
 4.32383424e-03  8.94181606e-02 
 4.32716724e-03  8.84617069e-02 
 4.33050024e-03  8.74664588e-02 
 4.33383324e-03  8.64328526e-02 
 4.33716624e-03  8.53613418e-02 
 4.34049924e-03  8.42523961e-02 
 4.34383224e-03  8.31065020e-02 
 4.34716524e-03  8.19241618e-02 
 4.35049824e-03  8.07058942e-02 
 4.35383124e-03  7.94522335e-02 
 4.35716424e-03  7.81637293e-02 
 4.36049724e-03  7.68409468e-02 
 4.36383024e-03  7.54844660e-02 
 4.36716324e-03  7.40948819e-02 
 4.37049624e-03  7.26728038e-02 
 4.37382924e-03  7.12188554e-02 
 4.37716224e-03  6.97336743e-02 
 4.38049524e-03  6.82179118e-02 
 4.38382824e-03  6.66722327e-02 
 4.38716124e-03  6.50973148e-02 
 4.39049424e-03  6.34938488e-02 
 4.39382724e-03  6.18625378e-02 
 4.39716024e-03  6.02040973e-02 
 4.40049324e-03  5.85192546e-02 
 4.40382624e-03  5.68087486e-02 
 4.40715924e-03  5.50733293e-02 
 4.41049224e-03  5.33137579e-02 
 4.41382524e-03  5.15308060e-02 
 4.41715824e-03  4.97252555e-02 
 4.42049124e-03  4.78978982e-02 
 4.42382424e-03  4.60495355e-02 
 4.42715724e-03  4.41809780e-02 
 4.43049024e-03  4.22930451e-02 
 4.43382324e-03  4.03865649e-02 
 4.43715624e-03  3.84623733e-02 
 4.44048924e-03  3.65213142e-02 
 4.44382224e-03  3.45642388e-02 
 4.44715524e-03  3.25920055e-02 
 4.45048824e-03  3.06054791e-02 
 4.45382124e-03  2.86055308e-02 
 4.45715424e-03  2.65930377e-02 
 4.46048724e-03  2.45688823e-02 
 4.46382024e-03  2.25339524e-02 
 4.46715324e-03  2.04891403e-02 
 4.47048624e-03  1.84353428e-02 
 4.47381924e-03  1.63734605e-02 
 4.47715224e-03  1.43043978e-02 
 4.48048524e-03  1.22290619e-02 
 4.48381824e-03  1.01483631e-02 
 4.48715124e-03  8.06321367e-03 
 4.49048424e-03  5.97452821e-03 
 4.49381724e-03  3.88322264e-03 
 4.49715024e-03  1.79021411e-03 
 4.50048324e-03 -3.03579511e-04 
 4.50381624e-03 -2.39724000e-03 
 4.50714924e-03 -4.48984918e-03 
 4.51048224e-03 -6.58048937e-03 
 4.51381524e-03 -8.66824371e-03 
 4.51714824e-03 -1.07521966e-02 
 4.52048124e-03 -1.28314342e-02 
 4.52381424e-03 -1.49050446e-02 
 4.52714724e-03 -1.69721185e-02 
 4.53048024e-03 -1.90317494e-02 
 4.53381324e-03 -2.10830339e-02 
 4.53714624e-03 -2.31250726e-02 
 4.54047924e-03 -2.51569699e-02 
 4.54381224e-03 -2.71778347e-02 
 4.54714524e-03 -2.91867809e-02 
 4.55047824e-03 -3.11829272e-02 
 4.55381124e-03 -3.31653985e-02 
 4.55714424e-03 -3.51333252e-02 
 4.56047724e-03 -3.70858444e-02 
 4.56381024e-03 -3.90220997e-02 
 4.56714324e-03 -4.09412421e-02 
 4.57047624e-03 -4.28424299e-02 
 4.57380924e-03 -4.47248293e-02 
 4.57714224e-03 -4.65876149e-02 
 4.58047524e-03 -4.84299697e-02 
 4.58380824e-03 -5.02510857e-02 
 4.58714124e-03 -5.20501644e-02 
 4.59047424e-03 -5.38264167e-02 
 4.59380724e-03 -5.55790637e-02 
 4.59714024e-03 -5.73073367e-02 
 4.60047324e-03 -5.90104779e-02 
 4.60380624e-03 -6.06877403e-02 
 4.60713924e-03 -6.23383884e-02 
 4.61047224e-03 -6.39616983e-02 
 4.61380524e-03 -6.55569581e-02 
 4.61713824e-03 -6.71234681e-02 
 4.62047124e-03 -6.86605415e-02 
 4.62380424e-03 -7.01675041e-02 
 4.62713724e-03 -7.16436951e-02 
 4.63047024e-03 -7.30884671e-02 
 4.63380324e-03 -7.45011865e-02 
 4.63713624e-03 -7.58812337e-02 
 4.64046924e-03 -7.72280036e-02 
 4.64380224e-03 -7.85409054e-02 
 4.64713524e-03 -7.98193636e-02 
 4.65046824e-03 -8.10628173e-02 
 4.65380124e-03 -8.22707213e-02 
 4.65713424e-03 -8.34425458e-02 
 4.66046724e-03 -8.45777771e-02 
 4.66380024e-03 -8.56759171e-02 
 4.66713324e-03 -8.67364843e-02 
 4.67046624e-03 -8.77590137e-02 
 4.67379924e-03 -8.87430568e-02 
 4.67713224e-03 -8.96881820e-02 
 4.68046524e-03 -9.05939749e-02 
 4.68379824e-03 -9.14600382e-02 
 4.68713124e-03 -9.22859921e-02 
 4.69046424e-03 -9.30714745e-02 
 4.69379724e-03 -9.38161407e-02 
 4.69713024e-03 -9.45196644e-02 
 4.70046324e-03 -9.51817369e-02 
 4.70379624e-03 -9.58020679e-02 
 4.70712924e-03 -9.63803853e-02 
 4.71046224e-03 -9.69164356e-02 
 4.71379524e-03 -9.74099836e-02 
 4.71712824e-03 -9.78608129e-02 
 4.72046124e-03 -9.82687258e-02 
 4.72379424e-03 -9.86335434e-02 
 4.72712724e-03 -9.89551058e-02 
 4.73046024e-03 -9.92332718e-02 
 4.73379324e-03 -9.94679195e-02 
 4.73712624e-03 -9.96589461e-02 
 4.74045924e-03 -9.98062677e-02 
 4.74379224e-03 -9.99098197e-02 
 4.74712524e-03 -9.99695567e-02 
 4.75045824e-03 -9.99854526e-02 
 4.75379124e-03 -9.99575003e-02 
 4.75712424e-03 -9.98857121e-02 
 4.76045724e-03 -9.97701194e-02 
 4.76379024e-03 -9.96107731e-02 
 4.76712324e-03 -9.94077429e-02 
 4.77045624e-03 -9.91611179e-02 
 4.77378924e-03 -9.88710063e-02 
 4.77712224e-03 -9.85375352e-02 
 4.78045524e-03 -9.81608510e-02 
 4.78378824e-03 -9.77411188e-02 
 4.78712124e-03 -9.72785227e-02 
 4.79045424e-03 -9.67732655e-02 
 4.79378724e-03 -9.62255689e-02 
 4.79712024e-03 -9.56356730e-02 
 4.80045324e-03 -9.50038365e-02 
 4.80378624e-03 -9.43303365e-02 
 4.80711924e-03 -9.36154684e-02 
 4.81045224e-03 -9.28595457e-02 
 4.81378524e-03 -9.20628998e-02 
 4.81711824e-03 -9.12258802e-02 
 4.82045124e-03 -9.03488539e-02 
 4.82378424e-03 -8.94322055e-02 
 4.82711724e-03 -8.84763371e-02 
 4.83045024e-03 -8.74816678e-02 
 4.83378324e-03 -8.64486337e-02 
 4.83711624e-03 -8.53776881e-02 
 4.84044924e-03 -8.42693004e-02 
 4.84378224e-03 -8.31239569e-02 
 4.84711524e-03 -8.19421597e-02 
 4.85044824e-03 -8.07244272e-02 
 4.85378124e-03 -7.94712933e-02 
 4.85711424e-03 -7.81833077e-02 
 4.86044724e-03 -7.68610352e-02 
 4.86378024e-03 -7.55050556e-02 
 4.86711324e-03 -7.41159636e-02 
 4.87044624e-03 -7.26943684e-02 
 4.87377924e-03 -7.12408934e-02 
 4.87711224e-03 -6.97561761e-02 
 4.88044524e-03 -6.82408675e-02 
 4.88377824e-03 -6.66956322e-02 
 4.88711124e-03 -6.51211479e-02 
 4.89044424e-03 -6.35181049e-02 
 4.89377724e-03 -6.18872064e-02 
 4.89711024e-03 -6.02291676e-02 
 4.90044324e-03 -5.85447155e-02 
 4.90377624e-03 -5.68345889e-02 
 4.90710924e-03 -5.50995378e-02 
 4.91044224e-03 -5.33403230e-02 
 4.91377524e-03 -5.15577161e-02 
 4.91710824e-03 -4.97524988e-02 
 4.92044124e-03 -4.79254627e-02 
 4.92377424e-03 -4.60774092e-02 
 4.92710724e-03 -4.42091486e-02 
 4.93044024e-03 -4.23215003e-02 
 4.93377324e-03 -4.04152922e-02 
 4.93710624e-03 -3.84913600e-02 
 4.94043924e-03 -3.65505477e-02 
 4.94377224e-03 -3.45937063e-02 
 4.94710524e-03 -3.26216940e-02 
 4.95043824e-03 -3.06353756e-02 
 4.95377124e-03 -2.86356221e-02 
 4.95710424e-03 -2.66233107e-02 
 4.96043724e-03 -2.45993238e-02 
 4.96377024e-03 -2.25645489e-02 
 4.96710324e-03 -2.05198784e-02 
 4.97043624e-03 -1.84662091e-02 
 4.97376924e-03 -1.64044414e-02 
 4.97710224e-03 -1.43354797e-02 
 4.98043524e-03 -1.22602312e-02 
 4.98376824e-03 -1.01796061e-02 
 4.98710124e-03 -8.09451671e-03 
 4.99043424e-03 -6.00587753e-03 
 4.99376724e-03 -3.91460450e-03 
 4.99710024e-03 -1.82161473e-03 
 5.00043324e-03  2.72173896e-04 
 5.00376624e-03  2.36584316e-03 
 5.00709924e-03  4.45847490e-03 
 5.01043224e-03  6.54915140e-03 
 5.01376524e-03  8.63695580e-03 
 5.01709824e-03  1.07209725e-02 
 5.02043124e-03  1.28002876e-02 
 5.02376424e-03  1.48739891e-02 
 5.02709724e-03  1.69411678e-02 
 5.03043024e-03  1.90009170e-02 
 5.03376324e-03  2.10523334e-02 
 5.03709624e-03  2.30945174e-02 
 5.04042924e-03  2.51265734e-02 
 5.04376224e-03  2.71476103e-02 
 5.04709524e-03  2.91567418e-02 
 5.05042824e-03  3.11530866e-02 
 5.05376124e-03  3.31357695e-02 
 5.05709424e-03  3.51039208e-02 
 5.06042724e-03  3.70566774e-02 
 5.06376024e-03  3.89931830e-02 
 5.06709324e-03  4.09125884e-02 
 5.07042624e-03  4.28140517e-02 
 5.07375924e-03  4.46967391e-02 
 5.07709224e-03  4.65598250e-02 
 5.08042524e-03  4.84024922e-02 
 5.08375824e-03  5.02239328e-02 
 5.08709124e-03  5.20233479e-02 
 5.09042424e-03  5.37999485e-02 
 5.09375724e-03  5.55529553e-02 
 5.09709024e-03  5.72815996e-02 
 5.10042324e-03  5.89851233e-02 
 5.10375624e-03  6.06627794e-02 
 5.10708924e-03  6.23138321e-02 
 5.11042224e-03  6.39375574e-02 
 5.11375524e-03  6.55332432e-02 
 5.11708824e-03  6.71001896e-02 
 5.12042124e-03  6.86377096e-02 
 5.12375424e-03  7.01451289e-02 
 5.12708724e-03  7.16217863e-02 
 5.13042024e-03  7.30670343e-02 
 5.13375324e-03  7.44802392e-02 
 5.13708624e-03  7.58607810e-02 
 5.14041924e-03  7.72080545e-02 
 5.14375224e-03  7.85214687e-02 
 5.14708524e-03  7.98004478e-02 
 5.15041824e-03  8.10444307e-02 
 5.15375124e-03  8.22528719e-02 
 5.15708424e-03  8.34252416e-02 
 5.16041724e-03  8.45610254e-02 
 5.16375024e-03  8.56597255e-02 
 5.16708324e-03  8.67208599e-02 
 5.17041624e-03  8.77439632e-02 
 5.17374924e-03  8.87285869e-02 
 5.17708224e-03  8.96742990e-02 
 5.18041524e-03  9.05806849e-02 
 5.18374824e-03  9.14473471e-02 
 5.18708124e-03  9.22739054e-02 
 5.19041424e-03  9.30599975e-02 
 5.19374724e-03  9.38052785e-02 
 5.19708024e-03  9.45094217e-02 
 5.20041324e-03  9.51721182e-02 
 5.20374624e-03  9.57930774e-02 
 5.20707924e-03  9.63720271e-02 
 5.21041224e-03  9.69087132e-02 
 5.21374524e-03  9.74029004e-02 
 5.21707824e-03  9.78543721e-02 
 5.22041124e-03  9.82629302e-02 
 5.22374424e-03  9.86283955e-02 
 5.22707724e-03  9.89506079e-02 
 5.23041024e-03  9.92294259e-02 
 5.23374324e-03  9.94647273e-02 
 5.23707624e-03  9.96564089e-02 
 5.24040924e-03  9.98043866e-02 
 5.24374224e-03  9.99085956e-02 
 5.24707524e-03  9.99689902e-02 
 5.25040824e-03  9.99855438e-02 
 5.25374124e-03  9.99582493e-02 
 5.25707424e-03  9.98871185e-02 
 5.26040724e-03  9.97721827e-02 
 5.26374024e-03  9.96134922e-02 
 5.26707324e-03  9.94111167e-02 
 5.27040624e-03  9.91651450e-02 
 5.27373924e-03  9.88756848e-02 
 5.27707224e-03  9.85428632e-02 
 5.28040524e-03  9.81668261e-02 
 5.28373824e-03  9.77477383e-02 
 5.28707124e-03  9.72857838e-02 
 5.29040424e-03  9.67811650e-02 
 5.29373724e-03  9.62341033e-02 
 5.29707024e-03  9.56448386e-02 
 5.30040324e-03  9.50136293e-02 
 5.30373624e-03  9.43407522e-02 
 5.30706924e-03  9.36265024e-02 
 5.31040224e-03  9.28711931e-02 
 5.31373524e-03  9.20751556e-02 
 5.31706824e-03  9.12387390e-02 
 5.32040124e-03  9.03623101e-02 
 5.32373424e-03  8.94462532e-02 
 5.32706724e-03  8.84909700e-02 
 5.33040024e-03  8.74968796e-02 
 5.33373324e-03  8.64644178e-02 
 5.33706624e-03  8.53940374e-02 
 5.34039924e-03  8.42862079e-02 
 5.34373224e-03  8.31414151e-02 
 5.34706524e-03  8.19601610e-02 
 5.35039824e-03  8.07429637e-02 
 5.35373124e-03  7.94903569e-02 
 5.35706424e-03  7.82028899e-02 
 5.36039724e-03  7.68811275e-02 
 5.36373024e-03  7.55256492e-02 
 5.36706324e-03  7.41370495e-02 
 5.37039624e-03  7.27159373e-02 
 5.37372924e-03  7.12629359e-02 
 5.37706224e-03  6.97786825e-02 
 5.38039524e-03  6.82638279e-02 
 5.38372824e-03  6.67190366e-02 
 5.38706124e-03  6.51449860e-02 
 5.39039424e-03  6.35423663e-02 
 5.39372724e-03  6.19118804e-02 
 5.39706024e-03  6.02542434e-02 
 5.40039324e-03  5.85701821e-02 
 5.40372624e-03  5.68604352e-02 
 5.40705924e-03  5.51257524e-02 
 5.41039224e-03  5.33668944e-02 
 5.41372524e-03  5.15846326e-02 
 5.41705824e-03  4.97797487e-02 
 5.42039124e-03  4.79530341e-02 
 5.42372424e-03  4.61052898e-02 
 5.42705724e-03  4.42373264e-02 
 5.43039024e-03  4.23499628e-02 
 5.43372324e-03  4.04440269e-02 
 5.43705624e-03  3.85203545e-02 
 5.44038924e-03  3.65797891e-02 
 5.44372224e-03  3.46231818e-02 
 5.44705524e-03  3.26513907e-02 
 5.45038824e-03  3.06652805e-02 
 5.45372124e-03  2.86657222e-02 
 5.45705424e-03  2.66535926e-02 
 5.46038724e-03  2.46297743e-02 
 5.46372024e-03  2.25951546e-02 
 5.46705324e-03  2.05506260e-02 
 5.47038624e-03  1.84970850e-02 
 5.47371924e-03  1.64354322e-02 
 5.47705224e-03  1.43665717e-02 
 5.48038524e-03  1.22914108e-02 
 5.48371824e-03  1.02108596e-02 
 5.48705124e-03  8.12583043e-03 
 5.49038424e-03  6.03723774e-03 
 5.49371724e-03  3.94599745e-03 
 5.49705024e-03  1.85302665e-03 
 5.50038324e-03 -2.40756773e-04 
 5.50371624e-03 -2.33443462e-03 
 5.50704924e-03 -4.42708870e-03 
 5.51038224e-03 -6.51780131e-03 
 5.51371524e-03 -8.60565556e-03 
 5.51704824e-03 -1.06897358e-02 
 5.52038124e-03 -1.27691282e-02 
 5.52371424e-03 -1.48429207e-02 
 5.52704724e-03 -1.69102039e-02 
 5.53038024e-03 -1.89700712e-02 
 5.53371324e-03 -2.10216193e-02 
 5.53704624e-03 -2.30639485e-02 
 5.54037924e-03 -2.50961630e-02 
 5.54371224e-03 -2.71173718e-02 
 5.54704524e-03 -2.91266883e-02 
 5.55037824e-03 -3.11232315e-02 
 5.55371124e-03 -3.31061257e-02 
 5.55704424e-03 -3.50745014e-02 
 5.56037724e-03 -3.70274953e-02 
 5.56371024e-03 -3.89642510e-02 
 5.56704324e-03 -4.08839191e-02 
 5.57037624e-03 -4.27856578e-02 
 5.57370924e-03 -4.46686330e-02 
 5.57704224e-03 -4.65320190e-02 
 5.58037524e-03 -4.83749985e-02 
 5.58370824e-03 -5.01967635e-02 
 5.58704124e-03 -5.19965149e-02 
 5.59037424e-03 -5.37734634e-02 
 5.59370724e-03 -5.55268299e-02 
 5.59704024e-03 -5.72558453e-02 
 5.60037324e-03 -5.89597514e-02 
 5.60370624e-03 -6.06378011e-02 
 5.60703924e-03 -6.22892582e-02 
 5.61037224e-03 -6.39133988e-02 
 5.61370524e-03 -6.55095104e-02 
 5.61703824e-03 -6.70768931e-02 
 5.62037124e-03 -6.86148595e-02 
 5.62370424e-03 -7.01227352e-02 
 5.62703724e-03 -7.15998589e-02 
 5.63037024e-03 -7.30455829e-02 
 5.63370324e-03 -7.44592730e-02 
 5.63703624e-03 -7.58403094e-02 
 5.64036924e-03 -7.71880863e-02 
 5.64370224e-03 -7.85020128e-02 
 5.64703524e-03 -7.97815126e-02 
 5.65036824e-03 -8.10260246e-02 
 5.65370124e-03 -8.22350029e-02 
 5.65703424e-03 -8.34079176e-02 
 5.66036724e-03 -8.45442540e-02 
 5.66370024e-03 -8.56435140e-02 
 5.66703324e-03 -8.67052154e-02 
 5.67036624e-03 -8.77288926e-02 
 5.67369924e-03 -8.87140967e-02 
 5.67703224e-03 -8.96603957e-02 
 5.68036524e-03 -9.05673745e-02 
 5.68369824e-03 -9.14346355e-02 
 5.68703124e-03 -9.22617982e-02 
 5.69036424e-03 -9.30484999e-02 
 5.69369724e-03 -9.37943956e-02 
 5.69703024e-03 -9.44991582e-02 
 5.70036324e-03 -9.51624787e-02 
 5.70369624e-03 -9.57840661e-02 
 5.70702924e-03 -9.63636479e-02 
 5.71036224e-03 -9.69009698e-02 
 5.71369524e-03 -9.73957962e-02 
 5.71702824e-03 -9.78479102e-02 
 5.72036124e-03 -9.82571134e-02 
 5.72369424e-03 -9.86232265e-02 
 5.72702724e-03 -9.89460887e-02 
 5.73036024e-03 -9.92255587e-02 
 5.73369324e-03 -9.94615137e-02 
 5.73702624e-03 -9.96538503e-02 
 5.74035924e-03 -9.98024842e-02 
 5.74369224e-03 -9.99073502e-02 
 5.74702524e-03 -9.99684023e-02 
 5.75035824e-03 -9.99856137e-02 
 5.75369124e-03 -9.99589769e-02 
 5.75702424e-03 -9.98885035e-02 
 5.76035724e-03 -9.97742245e-02 
 5.76369024e-03 -9.96161900e-02 
 5.76702324e-03 -9.94144693e-02 
 5.77035624e-03 -9.91691508e-02 
 5.77368924e-03 -9.88803421e-02 
 5.77702224e-03 -9.85481700e-02 
 5.78035524e-03 -9.81727800e-02 
 5.78368824e-03 -9.77543367e-02 
 5.78702124e-03 -9.72930238e-02 
 5.79035424e-03 -9.67890435e-02 
 5.79368724e-03 -9.62426167e-02 
 5.79702024e-03 -9.56539833e-02 
 5.80035324e-03 -9.50234012e-02 
 5.80368624e-03 -9.43511470e-02 
 5.80701924e-03 -9.36375156e-02 
 5.81035224e-03 -9.28828199e-02 
 5.81368524e-03 -9.20873909e-02 
 5.81701824e-03 -9.12515773e-02 
 5.82035124e-03 -9.03757458e-02 
 5.82368424e-03 -8.94602805e-02 
 5.82701724e-03 -8.85055828e-02 
 5.83035024e-03 -8.75120713e-02 
 5.83368324e-03 -8.64801818e-02 
 5.83701624e-03 -8.54103669e-02 
 5.84034924e-03 -8.43030956e-02 
 5.84368224e-03 -8.31588536e-02 
 5.84701524e-03 -8.19781427e-02 
 5.85034824e-03 -8.07614807e-02 
 5.85368124e-03 -7.95094010e-02 
 5.85701424e-03 -7.82224529e-02 
 5.86034724e-03 -7.69012007e-02 
 5.86368024e-03 -7.55462239e-02 
 5.86701324e-03 -7.41581166e-02 
 5.87034624e-03 -7.27374876e-02 
 5.87367924e-03 -7.12849599e-02 
 5.87701224e-03 -6.98011705e-02 
 5.88034524e-03 -6.82867702e-02 
 5.88367824e-03 -6.67424230e-02 
 5.88701124e-03 -6.51688062e-02 
 5.89034424e-03 -6.35666099e-02 
 5.89367724e-03 -6.19365368e-02 
 5.89701024e-03 -6.02793017e-02 
 5.90034324e-03 -5.85956315e-02 
 5.90367624e-03 -5.68862643e-02 
 5.90700924e-03 -5.51519500e-02 
 5.91034224e-03 -5.33934490e-02 
 5.91367524e-03 -5.16115326e-02 
 5.91700824e-03 -4.98069822e-02 
 5.92034124e-03 -4.79805892e-02 
 5.92367424e-03 -4.61331545e-02 
 5.92700724e-03 -4.42654883e-02 
 5.93034024e-03 -4.23784097e-02 
 5.93367324e-03 -4.04727462e-02 
 5.93700624e-03 -3.85493336e-02 
 5.94033924e-03 -3.66090154e-02 
 5.94367224e-03 -3.46526425e-02 
 5.94700524e-03 -3.26810728e-02 
 5.95033824e-03 -3.06951709e-02 
 5.95367124e-03 -2.86958079e-02 
 5.95700424e-03 -2.66838604e-02 
 5.96033724e-03 -2.46602109e-02 
 5.96367024e-03 -2.26257467e-02 
 5.96700324e-03 -2.05813601e-02 
 5.97033624e-03 -1.85279477e-02 
 5.97366924e-03 -1.64664099e-02 
 5.97700224e-03 -1.43976508e-02 
 5.98033524e-03 -1.23225777e-02 
 5.98366824e-03 -1.02421006e-02 
 5.98700124e-03 -8.15713188e-03 
 5.99033424e-03 -6.06858588e-03 
 5.99366724e-03 -3.97737853e-03 
 5.99700024e-03 -1.88442692e-03 
 6.00000000e-03 -2.79609407e-11 
