 0.00000000e+00  2.57454423e-04 
 3.33300000e-08  2.35167609e-04 
 6.66600000e-08  2.12878010e-04 
 1.33320000e-07  1.68297939e-04 
 2.66640000e-07  7.91325413e-05 
 5.33280000e-07 -9.92194926e-05 
 1.06656000e-06 -4.56010292e-04 
 2.13312000e-06 -1.16995520e-03 
 4.26624000e-06 -2.59946872e-03 
 7.59924000e-06 -4.83849268e-03 
 1.09322400e-05 -7.08645929e-03 
 1.42652400e-05 -9.34787460e-03 
 1.75982400e-05 -1.16299356e-02 
 2.09312400e-05 -1.39438504e-02 
 2.42642400e-05 -1.63068067e-02 
 2.75972400e-05 -1.87449036e-02 
 3.09302400e-05 -2.12975233e-02 
 3.42632400e-05 -2.40238441e-02 
 3.75962400e-05 -2.70125469e-02 
 4.09292400e-05 -3.03962787e-02 
 4.42622400e-05 -3.43732043e-02 
 4.75952400e-05 -3.92391183e-02 
 5.09282400e-05 -4.54352887e-02 
 5.42612400e-05 -5.36197384e-02 
 5.75942400e-05 -6.47734383e-02 
 6.09272400e-05 -8.03585068e-02 
 6.42602400e-05 -1.02553872e-01 
 6.75932400e-05 -1.34606316e-01 
 7.09262400e-05 -1.81353361e-01 
 7.42592400e-05 -2.50002095e-01 
 7.75922400e-05 -3.51289165e-01 
 8.09252400e-05 -5.01208402e-01 
 8.42582400e-05 -7.23583752e-01 
 8.75912400e-05 -1.05390097e+00 
 9.09242400e-05 -1.54501363e+00 
 9.42572400e-05 -2.27564009e+00 
 9.75902400e-05 -3.36301589e+00 
 1.00923240e-04 -4.98173325e+00 
 1.04256240e-04 -7.39179207e+00 
 1.07589240e-04 -1.09803650e+01 
 1.10922240e-04 -1.63239789e+01 
 1.14255240e-04 -2.42810901e+01 
 1.17588240e-04 -3.61299047e+01 
 1.20921240e-04 -5.37735502e+01 
 1.24254240e-04 -8.00455022e+01 
 1.27587240e-04 -1.19164239e+02 
 1.30920240e-04 -1.77410016e+02 
 1.34253240e-04 -2.64132236e+02 
 1.37586240e-04 -3.93248880e+02 
 1.40919240e-04 -5.85478243e+02 
 1.44252240e-04 -8.71660581e+02 
 1.47585240e-04 -1.29770173e+03 
 1.50918240e-04 -1.93193058e+03 
 1.54251240e-04 -2.87604859e+03 
 1.57584240e-04 -4.28142475e+03 
 1.60917240e-04 -6.37334472e+03 
 1.64250240e-04 -9.48709595e+03 
 1.67583240e-04 -1.41216645e+04 
 1.70916240e-04 -2.10196369e+04 
 1.74249240e-04 -3.12860921e+04 
 1.77582240e-04 -4.65655064e+04 
 1.80915240e-04 -6.93049689e+04 
 1.84248240e-04 -1.03145812e+05 
 1.87581240e-04 -1.53506287e+05 
 1.90914240e-04 -2.28448464e+05 
 1.94247240e-04 -3.39967965e+05 
 1.97580240e-04 -5.05912716e+05 
 2.00913240e-04 -7.52837447e+05 
 2.04246240e-04 -1.12025017e+06 
 2.07579240e-04 -1.66692927e+06 
 2.10912240e-04 -2.48032076e+06 
 2.14245240e-04 -3.69051694e+06 
 2.17578240e-04 -5.49105002e+06 
 2.20911240e-04 -8.16982202e+06 
 2.24244240e-04 -1.21551115e+07 
 2.27577240e-04 -1.80840044e+07 
 2.30910240e-04 -2.69041776e+07 
 2.34243240e-04 -4.00252859e+07 
 2.37576240e-04 -5.95441249e+07 
 2.40909240e-04 -8.85795126e+07 
 2.44242240e-04 -1.31770347e+08 
 2.47575240e-04 -1.96016338e+08 
 2.50908240e-04 -2.91579616e+08 
 2.54241240e-04 -4.33723041e+08 
 2.57574240e-04 -6.45146588e+08 
 2.60907240e-04 -9.59610568e+08 
 2.64240240e-04 -1.42732369e+09 
 2.67573240e-04 -2.12295546e+09 
 2.70906240e-04 -3.15755102e+09 
 2.74239240e-04 -4.69624856e+09 
 2.77572240e-04 -6.98462506e+09 
 2.80905240e-04 -1.03878714e+10 
 2.84238240e-04 -1.54490431e+10 
 2.87571240e-04 -2.29756751e+10 
 2.90904240e-04 -3.41685667e+10 
 2.94237240e-04 -5.08132692e+10 
 2.97570240e-04 -7.55647965e+10 
 3.00903240e-04 -1.12370939e+11 
 3.04236240e-04 -1.67101642e+11 
 3.07569240e-04 -2.48484754e+11 
 3.10902240e-04 -3.69497241e+11 
 3.14235240e-04 -5.49433553e+11 
 3.17568240e-04 -8.16980666e+11 
 3.20901240e-04 -1.21478970e+12 
 3.24234240e-04 -1.80627238e+12 
 3.27567240e-04 -2.68570492e+12 
 3.30900240e-04 -3.99324866e+12 
 3.34233240e-04 -5.93727975e+12 
 3.37566240e-04 -8.82758400e+12 
 3.40899240e-04 -1.31247030e+13 
 3.44232240e-04 -1.95132889e+13 
 3.47565240e-04 -2.90111483e+13 
 3.50898240e-04 -4.31313352e+13 
 3.54231240e-04 -6.41230998e+13 
 3.57564240e-04 -9.53300501e+13 
 3.60897240e-04 -1.41722538e+14 
 3.64230240e-04 -2.10689013e+14 
 3.67563240e-04 -3.13212298e+14 
 3.70896240e-04 -4.65617987e+14 
 3.74229240e-04 -6.92173224e+14 
 3.77562240e-04 -1.02894941e+15 
 3.80895240e-04 -1.52956346e+15 
 3.84228240e-04 -2.27371125e+15 
 3.87561240e-04 -3.37985073e+15 
 3.90894240e-04 -5.02405291e+15 
 3.94227240e-04 -7.46801932e+15 
 3.97560240e-04 -1.11007233e+16 
 4.00893240e-04 -1.65002985e+16 
 4.04226240e-04 -2.45260200e+16 
 4.07559240e-04 -3.64550059e+16 
 4.10892240e-04 -5.41853834e+16 
 4.14225240e-04 -8.05382296e+16 
 4.17558240e-04 -1.19706304e+17 
 4.20891240e-04 -1.77920929e+17 
 4.24224240e-04 -2.64443073e+17 
 4.27557240e-04 -3.93036202e+17 
 4.30890240e-04 -5.84155102e+17 
 4.34223240e-04 -8.68198670e+17 
 4.37556240e-04 -1.29034380e+18 
 4.40889240e-04 -1.91772885e+18 
 4.44222240e-04 -2.85012862e+18 
 4.47555240e-04 -4.23581780e+18 
 4.50888240e-04 -6.29514435e+18 
 4.54221240e-04 -9.35555980e+18 
 4.57554240e-04 -1.39036743e+19 
 4.60887240e-04 -2.06626092e+19 
 4.64220240e-04 -3.07069419e+19 
 4.67553240e-04 -4.56335074e+19 
 4.70886240e-04 -6.78152025e+19 
 4.74219240e-04 -1.00778121e+20 
 4.77552240e-04 -1.49761948e+20 
 4.80885240e-04 -2.22552659e+20 
 4.84218240e-04 -3.30719820e+20 
 4.87551240e-04 -4.91455090e+20 
 4.90884240e-04 -7.30303996e+20 
 4.94217240e-04 -1.08522500e+21 
 4.97550240e-04 -1.61262067e+21 
 5.00883240e-04 -2.39629906e+21 
 5.04216240e-04 -3.56078888e+21 
 5.07549240e-04 -5.29112336e+21 
 5.10882240e-04 -7.86223550e+21 
 5.14215240e-04 -1.16826335e+22 
 5.17548240e-04 -1.73592933e+22 
 5.20881240e-04 -2.57940750e+22 
 5.24214240e-04 -3.83269751e+22 
 5.27547240e-04 -5.69489658e+22 
 5.30880240e-04 -8.46182209e+22 
 5.34213240e-04 -1.25729946e+23 
 5.37546240e-04 -1.86814423e+23 
 5.40879240e-04 -2.77574103e+23 
 5.44212240e-04 -4.12424443e+23 
 5.47545240e-04 -6.12783124e+23 
 5.50878240e-04 -9.10471133e+23 
 5.54211240e-04 -1.35276571e+24 
 5.57544240e-04 -2.00990742e+24 
 5.60877240e-04 -2.98625311e+24 
 5.64210240e-04 -4.43684552e+24 
 5.67543240e-04 -6.59202987e+24 
 5.70876240e-04 -9.79402543e+24 
 5.74209240e-04 -1.45512574e+25 
 5.77542240e-04 -2.16190741e+25 
 5.80875240e-04 -3.21196616e+25 
 5.84208240e-04 -4.77201903e+25 
 5.87541240e-04 -7.08974710e+25 
 5.90874240e-04 -1.05331125e+26 
 5.94207240e-04 -1.56487673e+26 
 5.97540240e-04 -2.32488251e+26 
 6.00873240e-04 -3.45397654e+26 
 6.04206240e-04 -5.13139308e+26 
 6.07539240e-04 -7.62340060e+26 
 6.10872240e-04 -1.13255627e+27 
 6.14205240e-04 -1.68255183e+27 
 6.17538240e-04 -2.49962442e+27 
 6.20871240e-04 -3.71345995e+27 
 6.24204240e-04 -5.51671352e+27 
 6.27537240e-04 -8.19558298e+27 
 6.30870240e-04 -1.21752260e+28 
 6.34203240e-04 -1.80872274e+28 
 6.37536240e-04 -2.68698213e+28 
 6.40869240e-04 -3.99167709e+28 
 6.44202240e-04 -5.92985250e+28 
 6.47535240e-04 -8.80907431e+28 
 6.50868240e-04 -1.30862308e+29 
 6.54201240e-04 -1.94400252e+29 
 6.57534240e-04 -2.88786602e+29 
 6.60867240e-04 -4.28997987e+29 
 6.64200240e-04 -6.37281756e+29 
 6.67533240e-04 -9.46685580e+29 
 6.70866240e-04 -1.40630042e+30 
 6.74199240e-04 -2.08904858e+30 
 6.77532240e-04 -3.10325233e+30 
 6.80865240e-04 -4.60981797e+30 
 6.84198240e-04 -6.84776148e+30 
 6.87531240e-04 -1.01721242e+31 
 6.90864240e-04 -1.51102932e+31 
 6.94197240e-04 -2.24456588e+31 
 6.97530240e-04 -3.33418788e+31 
 7.00863240e-04 -4.95274595e+31 
 7.04196240e-04 -7.35699272e+31 
 7.07529240e-04 -1.09283077e+32 
 7.10862240e-04 -1.62331886e+32 
 7.14195240e-04 -2.41131034e+32 
 7.17528240e-04 -3.58179525e+32 
 7.20861240e-04 -5.32043078e+32 
 7.24194240e-04 -7.90298671e+32 
 7.27527240e-04 -1.17390821e+33 
 7.30860240e-04 -1.74371490e+33 
 7.34193240e-04 -2.59009258e+33 
 7.37526240e-04 -3.84727817e+33 
 7.40859240e-04 -5.71465999e+33 
 7.44192240e-04 -8.48839792e+33 
 7.47525240e-04 -1.26083893e+34 
 7.50858240e-04 -1.87280280e+34 
 7.54191240e-04 -2.78178186e+34 
 7.57524240e-04 -4.13192746e+34 
 7.60857240e-04 -6.13735042e+34 
 7.64190240e-04 -9.11607279e+34 
 7.67523240e-04 -1.35404562e+35 
 7.70856240e-04 -2.01121025e+35 
 7.74189240e-04 -2.98731026e+35 
 7.77522240e-04 -4.43712728e+35 
 7.80855240e-04 -6.59055752e+35 
 7.84188240e-04 -9.78906366e+35 
 7.87521240e-04 -1.45398155e+36 
 7.90854240e-04 -2.15961034e+36 
 7.94187240e-04 -3.20767733e+36 
 7.97520240e-04 -4.76436190e+36 
 8.00853240e-04 -7.07648542e+36 
 8.04186240e-04 -1.05106436e+37 
 8.07519240e-04 -1.56113276e+37 
 8.10852240e-04 -2.31872483e+37 
 8.14185240e-04 -3.44395487e+37 
 8.17518240e-04 -5.11522295e+37 
 8.20851240e-04 -7.59749764e+37 
 8.24184240e-04 -1.12843224e+38 
 8.27517240e-04 -1.67602045e+38 
 8.30850240e-04 -2.48932770e+38 
 8.34183240e-04 -3.69729221e+38 
 8.37516240e-04 -5.49141715e+38 
 8.40849240e-04 -8.15612863e+38 
 8.44182240e-04 -1.21138636e+39 
 8.47515240e-04 -1.79920350e+39 
 8.50848240e-04 -2.67224888e+39 
 8.54181240e-04 -3.96892179e+39 
 8.57514240e-04 -5.89477467e+39 
 8.60847240e-04 -8.75509615e+39 
 8.64180240e-04 -1.30033031e+40 
 8.67513240e-04 -1.93128124e+40 
 8.70846240e-04 -2.86837835e+40 
 8.74179240e-04 -4.26016519e+40 
 8.77512240e-04 -6.32725801e+40 
 8.80845240e-04 -9.39731450e+40 
 8.84178240e-04 -1.39569686e+41 
 8.87511240e-04 -2.07289631e+41 
 8.90844240e-04 -3.07867041e+41 
 8.94177240e-04 -4.57243957e+41 
 8.97510240e-04 -6.79097163e+41 
 9.00843240e-04 -1.00859087e+42 
 9.04176240e-04 -1.49795007e+42 
 9.07509240e-04 -2.22473783e+42 
 9.10842240e-04 -3.30414843e+42 
 9.14175240e-04 -4.90726456e+42 
 9.17508240e-04 -7.28817215e+42 
 9.20841240e-04 -1.08242299e+43 
 9.24174240e-04 -1.60758757e+43 
 9.27507240e-04 -2.38754478e+43 
 9.30840240e-04 -3.54590973e+43 
 9.34173240e-04 -5.26626971e+43 
 9.37506240e-04 -7.82127942e+43 
 9.40839240e-04 -1.16158714e+44 
 9.44172240e-04 -1.72514297e+44 
 9.47505240e-04 -2.56210955e+44 
 9.50838240e-04 -3.80513102e+44 
 9.54171240e-04 -5.65120239e+44 
 9.57504240e-04 -8.39288825e+44 
 9.60837240e-04 -1.24646866e+45 
 9.64170240e-04 -1.85118846e+45 
 9.67503240e-04 -2.74928185e+45 
 9.70836240e-04 -4.08307411e+45 
 9.74169240e-04 -6.06393635e+45 
 9.77502240e-04 -9.00578112e+45 
 9.80835240e-04 -1.33748072e+46 
 9.84168240e-04 -1.98633764e+46 
 9.87501240e-04 -2.94997284e+46 
 9.90834240e-04 -4.38109203e+46 
 9.94167240e-04 -6.50648083e+46 
 9.97500240e-04 -9.66294172e+46 
 1.00083324e-03 -1.43506641e+47 
 1.00416624e-03 -2.13124845e+47 
 1.00749924e-03 -3.16515957e+47 
 1.01083224e-03 -4.70063569e+47 
 1.01416524e-03 -6.98099039e+47 
 1.01749824e-03 -1.03675695e+48 
 1.02083124e-03 -1.53970084e+48 
 1.02416424e-03 -2.28662643e+48 
 1.02749724e-03 -3.39588973e+48 
 1.03083024e-03 -5.04326090e+48 
 1.03416324e-03 -7.48977537e+48 
 1.03749624e-03 -1.11230953e+49 
 1.04082924e-03 -1.65189347e+49 
 1.04416224e-03 -2.45322812e+49 
 1.04749524e-03 -3.64328679e+49 
 1.05082824e-03 -5.41063597e+49 
 1.05416124e-03 -8.03531320e+49 
 1.05749424e-03 -1.19331980e+50 
 1.06082724e-03 -1.77219062e+50 
 1.06416024e-03 -2.63186480e+50 
 1.06749324e-03 -3.90855546e+50 
 1.07082624e-03 -5.80454987e+50 
 1.07415924e-03 -8.62026045e+50 
 1.07749224e-03 -1.28018226e+51 
 1.08082524e-03 -1.90117811e+51 
 1.08415824e-03 -2.82340639e+51 
 1.08749124e-03 -4.19298755e+51 
 1.09082424e-03 -6.22692094e+51 
 1.09415724e-03 -9.24746580e+51 
 1.09749024e-03 -1.37331993e+52 
 1.10082324e-03 -2.03948411e+52 
 1.10415624e-03 -3.02878571e+52 
 1.10748924e-03 -4.49796832e+52 
 1.11082224e-03 -6.67980623e+52 
 1.11415524e-03 -9.91998393e+52 
 1.11748824e-03 -1.47318643e+53 
 1.12082124e-03 -2.18778224e+53 
 1.12415424e-03 -3.24900308e+53 
 1.12748724e-03 -4.82498317e+53 
 1.13082024e-03 -7.16541153e+53 
 1.13415324e-03 -1.06410904e+54 
 1.13748624e-03 -1.58026817e+54 
 1.14081924e-03 -2.34679481e+54 
 1.14415224e-03 -3.48513109e+54 
 1.14748524e-03 -5.17562492e+54 
 1.15081824e-03 -7.68610215e+54 
 1.15415124e-03 -1.14142977e+55 
 1.15748424e-03 -1.69508673e+55 
 1.16081724e-03 -2.51729636e+55 
 1.16415024e-03 -3.73831995e+55 
 1.16748324e-03 -5.55160157e+55 
 1.17081624e-03 -8.24441444e+55 
 1.17414924e-03 -1.22433721e+56 
 1.17748224e-03 -1.81820143e+56 
 1.18081524e-03 -2.70011746e+56 
 1.18414824e-03 -4.00980301e+56 
 1.18748124e-03 -5.95474463e+56 
 1.19081424e-03 -8.84306816e+56 
 1.19414724e-03 -1.31323525e+57 
 1.19748024e-03 -1.95021201e+57 
 1.20081324e-03 -2.89614871e+57 
 1.20414624e-03 -4.30090282e+57 
 1.20747924e-03 -6.38701806e+57 
 1.21081224e-03 -9.48497971e+57 
 1.21414524e-03 -1.40855698e+58 
 1.21747824e-03 -2.09176159e+58 
 1.22081124e-03 -3.10634513e+58 
 1.22414424e-03 -4.61303754e+58 
 1.22747724e-03 -6.85052782e+58 
 1.23081024e-03 -1.01732764e+59 
 1.23414324e-03 -1.51076677e+59 
 1.23747624e-03 -2.24353979e+59 
 1.24080924e-03 -3.33173080e+59 
 1.24414224e-03 -4.94772792e+59 
 1.24747524e-03 -7.34753214e+59 
 1.25080824e-03 -1.09113117e+60 
 1.25414124e-03 -1.62036263e+60 
 1.25747424e-03 -2.40628611e+60 
 1.26080724e-03 -3.57340384e+60 
 1.26414024e-03 -5.30660463e+60 
 1.26747324e-03 -7.88045258e+60 
 1.27080624e-03 -1.17026816e+61 
 1.27413924e-03 -1.73787853e+61 
 1.27747224e-03 -2.58079349e+61 
 1.28080524e-03 -3.83254178e+61 
 1.28413824e-03 -5.69141628e+61 
 1.28747124e-03 -8.45188576e+61 
 1.29080424e-03 -1.25512419e+62 
 1.29413724e-03 -1.86388708e+62 
 1.29747024e-03 -2.76791225e+62 
 1.30080324e-03 -4.11040730e+62 
 1.30413624e-03 -6.10403793e+62 
 1.30746924e-03 -9.06461611e+62 
 1.31080224e-03 -1.34611275e+63 
 1.31413524e-03 -1.99900228e+63 
 1.31746824e-03 -2.96855416e+63 
 1.32080124e-03 -4.40835437e+63 
 1.32413424e-03 -6.54648020e+63 
 1.32746724e-03 -9.72162935e+63 
 1.33080024e-03 -1.44367721e+64 
 1.33413324e-03 -2.14388254e+64 
 1.33746624e-03 -3.18369694e+64 
 1.34079924e-03 -4.72783489e+64 
 1.34413224e-03 -7.02089911e+64 
 1.34746524e-03 -1.04261271e+65 
 1.35079824e-03 -1.54829301e+65 
 1.35413124e-03 -2.29923386e+65 
 1.35746424e-03 -3.41438901e+65 
 1.36079724e-03 -5.07040571e+65 
 1.36413024e-03 -7.52960657e+65 
 1.36746324e-03 -1.11815426e+66 
 1.37079624e-03 -1.66046997e+66 
 1.37412924e-03 -2.46581332e+66 
 1.37746224e-03 -3.66175457e+66 
 1.38079524e-03 -5.43773629e+66 
 1.38412824e-03 -8.07508168e+66 
 1.38746124e-03 -1.19915571e+67 
 1.39079424e-03 -1.78075475e+67 
 1.39412724e-03 -2.64443271e+67 
 1.39746024e-03 -3.92699916e+67 
 1.40079324e-03 -5.83161678e+67 
 1.40412624e-03 -8.65998277e+67 
 1.40745924e-03 -1.28601183e+68 
 1.41079224e-03 -1.90973357e+68 
 1.41412524e-03 -2.83596254e+68 
 1.41745824e-03 -4.21141544e+68 
 1.42079124e-03 -6.25396679e+68 
 1.42412424e-03 -9.28716043e+68 
 1.42745724e-03 -1.37914591e+69 
 1.43079024e-03 -2.04803503e+69 
 1.43412324e-03 -3.04133626e+69 
 1.43745624e-03 -4.51638958e+69 
 1.44078924e-03 -6.70684472e+69 
 1.44412224e-03 -9.95967132e+69 
 1.44745524e-03 -1.47901188e+70 
 1.45078824e-03 -2.19633317e+70 
 1.45412124e-03 -3.26155482e+70 
 1.45745424e-03 -4.84340795e+70 
 1.46078724e-03 -7.19245782e+70 
 1.46412024e-03 -1.06807932e+71 
 1.46745324e-03 -1.58609646e+71 
 1.47078624e-03 -2.35535078e+71 
 1.47411924e-03 -3.49769154e+71 
 1.47745224e-03 -5.19406441e+71 
 1.48078524e-03 -7.71317294e+71 
 1.48411824e-03 -1.14540407e+72 
 1.48745124e-03 -1.70092158e+72 
 1.49078424e-03 -2.52586291e+72 
 1.49411724e-03 -3.75089736e+72 
 1.49745024e-03 -5.57006808e+72 
 1.50078324e-03 -8.27152806e+72 
 1.50411624e-03 -1.22831827e+73 
 1.50744924e-03 -1.82404690e+73 
 1.51078224e-03 -2.70870065e+73 
 1.51411524e-03 -4.02240642e+73 
 1.51744824e-03 -5.97325164e+73 
 1.52078124e-03 -8.87024468e+73 
 1.52411424e-03 -1.31722607e+74 
 1.52744724e-03 -1.95607256e+74 
 1.53078024e-03 -2.90475519e+74 
 1.53411324e-03 -4.31354211e+74 
 1.53744624e-03 -6.40558030e+74 
 1.54077924e-03 -9.51224110e+74 
 1.54411224e-03 -1.41256081e+75 
 1.54744524e-03 -2.09764210e+75 
 1.55077824e-03 -3.11498216e+75 
 1.55411124e-03 -4.62572353e+75 
 1.55744424e-03 -6.86916137e+75 
 1.56077724e-03 -1.02006466e+76 
 1.56411024e-03 -1.51478720e+76 
 1.56744324e-03 -2.24944556e+76 
 1.57077624e-03 -3.34040627e+76 
 1.57410924e-03 -4.96047236e+76 
 1.57744224e-03 -7.36625452e+76 
 1.58077524e-03 -1.09388168e+77 
 1.58410824e-03 -1.62440352e+77 
 1.58744124e-03 -2.41222292e+77 
 1.59077424e-03 -3.58212636e+77 
 1.59410724e-03 -5.31942033e+77 
 1.59744024e-03 -7.89928283e+77 
 1.60077324e-03 -1.17303499e+78 
 1.60410624e-03 -1.74194411e+78 
 1.60743924e-03 -2.58676762e+78 
 1.61077224e-03 -3.84132068e+78 
 1.61410524e-03 -5.70431715e+78 
 1.61743824e-03 -8.47084458e+78 
 1.62077124e-03 -1.25791042e+79 
 1.62410424e-03 -1.86798192e+79 
 1.62743724e-03 -2.77393050e+79 
 1.63077024e-03 -4.11925271e+79 
 1.63410324e-03 -6.11703903e+79 
 1.63743624e-03 -9.08372591e+79 
 1.64076924e-03 -1.34892172e+80 
 1.64410224e-03 -2.00313135e+80 
 1.64743524e-03 -2.97462392e+80 
 1.65076824e-03 -4.41727729e+80 
 1.65410124e-03 -6.55959787e+80 
 1.65743424e-03 -9.74091443e+80 
 1.66076724e-03 -1.44651253e+81 
 1.66410024e-03 -2.14805121e+81 
 1.66743324e-03 -3.18982621e+81 
 1.67076624e-03 -4.73684719e+81 
 1.67409924e-03 -7.03415102e+81 
 1.67743224e-03 -1.04456138e+82 
 1.68076524e-03 -1.55115859e+82 
 1.68409824e-03 -2.30344795e+82 
 1.68743124e-03 -3.42058643e+82 
 1.69076424e-03 -5.07952026e+82 
 1.69409724e-03 -7.54301185e+82 
 1.69743024e-03 -1.12012592e+83 
 1.70076324e-03 -1.66337003e+83 
 1.70409624e-03 -2.47007911e+83 
 1.70742924e-03 -3.66802949e+83 
 1.71076224e-03 -5.44696697e+83 
 1.71409524e-03 -8.08866097e+83 
 1.71742824e-03 -1.20115345e+84 
 1.72076124e-03 -1.78369386e+84 
 1.72409424e-03 -2.64875698e+84 
 1.72742724e-03 -3.93336166e+84 
 1.73076024e-03 -5.84097859e+84 
 1.73409324e-03 -8.67375837e+84 
 1.73742624e-03 -1.28803895e+85 
 1.74075924e-03 -1.91271667e+85 
 1.74409224e-03 -2.84035262e+85 
 1.74742524e-03 -4.21787641e+85 
 1.75075824e-03 -6.26347592e+85 
 1.75409124e-03 -9.30115639e+85 
 1.75742424e-03 -1.38120599e+86 
 1.76075724e-03 -2.05106742e+86 
 1.76409024e-03 -3.04580005e+86 
 1.76742324e-03 -4.52296075e+86 
 1.77075624e-03 -6.71651861e+86 
 1.77408924e-03 -9.97391357e+86 
 1.77742224e-03 -1.48110877e+87 
 1.78075524e-03 -2.19942057e+87 
 1.78408824e-03 -3.26610083e+87 
 1.78742124e-03 -4.85010197e+87 
 1.79075424e-03 -7.20231527e+87 
 1.79408724e-03 -1.06953097e+88 
 1.79742024e-03 -1.58823432e+88 
 1.80075324e-03 -2.35849937e+88 
 1.80408624e-03 -3.50232894e+88 
 1.80741924e-03 -5.20089492e+88 
 1.81075224e-03 -7.72323419e+88 
 1.81408524e-03 -1.14688615e+89 
 1.81741824e-03 -1.70310487e+89 
 1.82075124e-03 -2.52907934e+89 
 1.82408424e-03 -3.75563602e+89 
 1.82741724e-03 -5.57704974e+89 
 1.83075024e-03 -8.28181492e+89 
 1.83408324e-03 -1.22983403e+90 
 1.83741624e-03 -1.82628045e+90 
 1.84074924e-03 -2.71199207e+90 
 1.84408224e-03 -4.02725697e+90 
 1.84741524e-03 -5.98040025e+90 
 1.85074824e-03 -8.88078062e+90 
 1.85408124e-03 -1.31877898e+91 
 1.85741424e-03 -1.95836154e+91 
 1.86074724e-03 -2.90812929e+91 
 1.86408024e-03 -4.31851599e+91 
 1.86741324e-03 -6.41291284e+91 
 1.87074624e-03 -9.52305135e+91 
 1.87407924e-03 -1.41415463e+92 
 1.87741224e-03 -2.09999207e+92 
 1.88074524e-03 -3.11844721e+92 
 1.88407824e-03 -4.63083303e+92 
 1.88741124e-03 -6.87669610e+92 
 1.89074424e-03 -1.02117583e+93 
 1.89407724e-03 -1.51642595e+93 
 1.89741024e-03 -2.25186253e+93 
 1.90074324e-03 -3.34397118e+93 
 1.90407624e-03 -4.96573070e+93 
 1.90740924e-03 -7.37401110e+93 
 1.91074224e-03 -1.09502591e+94 
 1.91407524e-03 -1.62609155e+94 
 1.91740824e-03 -2.41471331e+94 
 1.92074124e-03 -3.58580068e+94 
 1.92407424e-03 -5.32484172e+94 
 1.92740724e-03 -7.90728235e+94 
 1.93074024e-03 -1.17421542e+95 
 1.93407324e-03 -1.74368607e+95 
 1.93740624e-03 -2.58933836e+95 
 1.94073924e-03 -3.84511471e+95 
 1.94407224e-03 -5.70991684e+95 
 1.94740524e-03 -8.47910972e+95 
 1.95073824e-03 -1.25913042e+96 
 1.95407124e-03 -1.86978282e+96 
 1.95740424e-03 -2.77658902e+96 
 1.96073724e-03 -4.12317748e+96 
 1.96407024e-03 -6.12283344e+96 
 1.96740324e-03 -9.09228104e+96 
 1.97073624e-03 -1.35018490e+97 
 1.97406924e-03 -2.00499656e+97 
 1.97740224e-03 -2.97737821e+97 
 1.98073524e-03 -4.42134466e+97 
 1.98406824e-03 -6.56560462e+97 
 1.98740124e-03 -9.74978572e+97 
 1.99073424e-03 -1.44782278e+98 
 1.99406724e-03 -2.14998650e+98 
 1.99740024e-03 -3.19268484e+98 
 2.00073324e-03 -4.74106990e+98 
 2.00406624e-03 -7.04038902e+98 
 2.00739924e-03 -1.04548293e+99 
 2.01073224e-03 -1.55252009e+99 
 2.01406524e-03 -2.30545952e+99 
 2.01739824e-03 -3.42355860e+99 
 2.02073124e-03 -5.08391198e+99 
 2.02406424e-03 -7.54950141e+99 
 2.02739724e-03 -1.12108492e+100 
 2.03073024e-03 -1.66478726e+100 
 2.03406324e-03 -2.47217362e+100 
 2.03739624e-03 -3.67112510e+100 
 2.04072924e-03 -5.45154239e+100 
 2.04406224e-03 -8.09542390e+100 
 2.04739524e-03 -1.20215312e+101 
 2.05072824e-03 -1.78517163e+101 
 2.05406124e-03 -2.65094158e+101 
 2.05739424e-03 -3.93659131e+101 
 2.06072724e-03 -5.84575346e+101 
 2.06406024e-03 -8.68081808e+101 
 2.06739324e-03 -1.28908278e+102 
 2.07072624e-03 -1.91426013e+102 
 2.07405924e-03 -2.84263497e+102 
 2.07739224e-03 -4.22125149e+102 
 2.08072524e-03 -6.26846715e+102 
 2.08405824e-03 -9.30853799e+102 
 2.08739124e-03 -1.38229772e+103 
 2.09072424e-03 -2.05268212e+103 
 2.09405724e-03 -3.04818838e+103 
 2.09739024e-03 -4.52649349e+103 
 2.10072324e-03 -6.72174436e+103 
 2.10405624e-03 -9.98164403e+103 
 2.10738924e-03 -1.48225239e+104 
 2.11072224e-03 -2.20111247e+104 
 2.11405524e-03 -3.26860396e+104 
 2.11738824e-03 -4.85380548e+104 
 2.12072124e-03 -7.20779502e+104 
 2.12405424e-03 -1.07034179e+105 
 2.12738724e-03 -1.58943412e+105 
 2.13072024e-03 -2.36027483e+105 
 2.13405324e-03 -3.50495636e+105 
 2.13738624e-03 -5.20478326e+105 
 2.14071924e-03 -7.72898883e+105 
 2.14405224e-03 -1.14773785e+106 
 2.14738524e-03 -1.70436547e+106 
 2.15071824e-03 -2.53094520e+106 
 2.15405124e-03 -3.75839788e+106 
 2.15738424e-03 -5.58113802e+106 
 2.16071724e-03 -8.28786686e+106 
 2.16405024e-03 -1.23072994e+107 
 2.16738324e-03 -1.82760678e+107 
 2.17071624e-03 -2.71395568e+107 
 2.17404924e-03 -4.03016418e+107 
 2.17738224e-03 -5.98470464e+107 
 2.18071524e-03 -8.88715391e+107 
 2.18404824e-03 -1.31972267e+108 
 2.18738124e-03 -1.95975892e+108 
 2.19071424e-03 -2.91019853e+108 
 2.19404724e-03 -4.32158025e+108 
 2.19738024e-03 -6.41745073e+108 
 2.20071324e-03 -9.52977179e+108 
 2.20404624e-03 -1.41514993e+109 
 2.20737924e-03 -2.10146618e+109 
 2.21071224e-03 -3.12063053e+109 
 2.21404524e-03 -4.63406688e+109 
 2.21737824e-03 -6.88148612e+109 
 2.22071124e-03 -1.02188536e+110 
 2.22404424e-03 -1.51747698e+110 
 2.22737724e-03 -2.25341947e+110 
 2.23071024e-03 -3.34627764e+110 
 2.23404324e-03 -4.96914760e+110 
 2.23737624e-03 -7.37907322e+110 
 2.24070924e-03 -1.09577589e+111 
 2.24404224e-03 -1.62720270e+111 
 2.24737524e-03 -2.41635963e+111 
 2.25070824e-03 -3.58824000e+111 
 2.25404124e-03 -5.32845610e+111 
 2.25737424e-03 -7.91263802e+111 
 2.26070724e-03 -1.17500903e+112 
 2.26404024e-03 -1.74486208e+112 
 2.26737324e-03 -2.59108108e+112 
 2.27070624e-03 -3.84769730e+112 
 2.27403924e-03 -5.71374419e+112 
 2.27737224e-03 -8.48478192e+112 
 2.28070524e-03 -1.25997107e+113 
 2.28403824e-03 -1.87102875e+113 
 2.28737124e-03 -2.77843567e+113 
 2.29070424e-03 -4.12591454e+113 
 2.29403724e-03 -6.12689036e+113 
 2.29737024e-03 -9.09829443e+113 
 2.30070324e-03 -1.35107626e+114 
 2.30403624e-03 -2.00631785e+114 
 2.30736924e-03 -2.97933686e+114 
 2.31070224e-03 -4.42424816e+114 
 2.31403524e-03 -6.56990889e+114 
 2.31736824e-03 -9.75616672e+114 
 2.32070124e-03 -1.44876878e+115 
 2.32403424e-03 -2.15138898e+115 
 2.32736724e-03 -3.19476414e+115 
 2.33070024e-03 -4.74415271e+115 
 2.33403324e-03 -7.04495976e+115 
 2.33736624e-03 -1.04616063e+116 
 2.34069924e-03 -1.55352493e+116 
 2.34403224e-03 -2.30694945e+116 
 2.34736524e-03 -3.42576784e+116 
 2.35069824e-03 -5.08718788e+116 
 2.35403124e-03 -7.55435908e+116 
 2.35736424e-03 -1.12180525e+117 
 2.36069724e-03 -1.66585545e+117 
 2.36403024e-03 -2.47375769e+117 
 2.36736324e-03 -3.67347423e+117 
 2.37069624e-03 -5.45502616e+117 
 2.37402924e-03 -8.10059045e+117 
 2.37736224e-03 -1.20291936e+118 
 2.38069524e-03 -1.78630802e+118 
 2.38402824e-03 -2.65262698e+118 
 2.38736124e-03 -3.93909101e+118 
 2.39069424e-03 -5.84946096e+118 
 2.39402724e-03 -8.68631706e+118 
 2.39736024e-03 -1.28989841e+119 
 2.40069324e-03 -1.91546991e+119 
 2.40402624e-03 -2.84442941e+119 
 2.40735924e-03 -4.22391322e+119 
 2.41069224e-03 -6.27241538e+119 
 2.41402524e-03 -9.31439463e+119 
 2.41735824e-03 -1.38316648e+120 
 2.42069124e-03 -2.05397086e+120 
 2.42402424e-03 -3.05010013e+120 
 2.42735724e-03 -4.52932950e+120 
 2.43069024e-03 -6.72595154e+120 
 2.43402324e-03 -9.98788540e+120 
 2.43735624e-03 -1.48317831e+121 
 2.44068924e-03 -2.20248613e+121 
 2.44402224e-03 -3.27064189e+121 
 2.44735524e-03 -4.85682895e+121 
 2.45068824e-03 -7.21228069e+121 
 2.45402124e-03 -1.07100730e+122 
 2.45735424e-03 -1.59042151e+122 
 2.46068724e-03 -2.36173982e+122 
 2.46402024e-03 -3.50712996e+122 
 2.46735324e-03 -5.20800830e+122 
 2.47068624e-03 -7.73377396e+122 
 2.47401924e-03 -1.14844785e+123 
 2.47735224e-03 -1.70541896e+123 
 2.48068524e-03 -2.53250837e+123 
 2.48401824e-03 -3.76071735e+123 
 2.48735124e-03 -5.58457975e+123 
 2.49068424e-03 -8.29297391e+123 
 2.49401724e-03 -1.23148776e+124 
 2.49735024e-03 -1.82873132e+124 
 2.50068324e-03 -2.71562440e+124 
 2.50401624e-03 -4.03264045e+124 
 2.50734924e-03 -5.98837930e+124 
 2.51068224e-03 -8.89260698e+124 
 2.51401524e-03 -1.32053190e+125 
 2.51734824e-03 -1.96095981e+125 
 2.52068124e-03 -2.91198068e+125 
 2.52401424e-03 -4.32422502e+125 
 2.52734724e-03 -6.42137571e+125 
 2.53068024e-03 -9.53559671e+125 
 2.53401324e-03 -1.41601440e+126 
 2.53734624e-03 -2.10274913e+126 
 2.54067924e-03 -3.12253457e+126 
 2.54401224e-03 -4.63689272e+126 
 2.54734524e-03 -6.88568007e+126 
 2.55067824e-03 -1.02250780e+127 
 2.55401124e-03 -1.51840080e+127 
 2.55734424e-03 -2.25479059e+127 
 2.56067724e-03 -3.34831265e+127 
 2.56401024e-03 -4.97216798e+127 
 2.56734324e-03 -7.38355615e+127 
 2.57067624e-03 -1.09644126e+128 
 2.57400924e-03 -1.62819028e+128 
 2.57734224e-03 -2.41782546e+128 
 2.58067524e-03 -3.59041570e+128 
 2.58400824e-03 -5.33168546e+128 
 2.58734124e-03 -7.91743137e+128 
 2.59067424e-03 -1.17572051e+129 
 2.59400724e-03 -1.74591815e+129 
 2.59734024e-03 -2.59264864e+129 
 2.60067324e-03 -3.85002412e+129 
 2.60400624e-03 -5.71719802e+129 
 2.60733924e-03 -8.48990869e+129 
 2.61067224e-03 -1.26073208e+130 
 2.61400524e-03 -1.87215838e+130 
 2.61733824e-03 -2.78011250e+130 
 2.62067124e-03 -4.12840365e+130 
 2.62400424e-03 -6.13058525e+130 
 2.62733724e-03 -9.10377926e+130 
 2.63067024e-03 -1.35189045e+131 
 2.63400324e-03 -2.00752648e+131 
 2.63733624e-03 -2.98113103e+131 
 2.64066924e-03 -4.42691156e+131 
 2.64400224e-03 -6.57386266e+131 
 2.64733524e-03 -9.76203606e+131 
 2.65066824e-03 -1.44964008e+132 
 2.65400124e-03 -2.15268244e+132 
 2.65733424e-03 -3.19668430e+132 
 2.66066724e-03 -4.74700324e+132 
 2.66400024e-03 -7.04919149e+132 
 2.66733324e-03 -1.04678885e+133 
 2.67066624e-03 -1.55445755e+133 
 2.67399924e-03 -2.30833398e+133 
 2.67733224e-03 -3.42782328e+133 
 2.68066524e-03 -5.09023934e+133 
 2.68399824e-03 -7.55888923e+133 
 2.68733124e-03 -1.12247780e+134 
 2.69066424e-03 -1.66685391e+134 
 2.69399724e-03 -2.47524000e+134 
 2.69733024e-03 -3.67567490e+134 
 2.70066324e-03 -5.45829332e+134 
 2.70399624e-03 -8.10544097e+134 
 2.70732924e-03 -1.20363948e+135 
 2.71066224e-03 -1.78737715e+135 
 2.71399524e-03 -2.65421426e+135 
 2.71732824e-03 -3.94144758e+135 
 2.72066124e-03 -5.85295967e+135 
 2.72399424e-03 -8.69151147e+135 
 2.72732724e-03 -1.29066961e+136 
 2.73066024e-03 -1.91661490e+136 
 2.73399324e-03 -2.84612936e+136 
 2.73732624e-03 -4.22643712e+136 
 2.74065924e-03 -6.27616262e+136 
 2.74399224e-03 -9.31995817e+136 
 2.74732524e-03 -1.38399251e+137 
 2.75065824e-03 -2.05519727e+137 
 2.75399124e-03 -3.05192101e+137 
 2.75732424e-03 -4.53203301e+137 
 2.76065724e-03 -6.72996553e+137 
 2.76399024e-03 -9.99384512e+137 
 2.76732324e-03 -1.48406318e+138 
 2.77065624e-03 -2.20379993e+138 
 2.77398924e-03 -3.27259256e+138 
 2.77732224e-03 -4.85972521e+138 
 2.78065524e-03 -7.21658096e+138 
 2.78398824e-03 -1.07164579e+139 
 2.78732124e-03 -1.59136952e+139 
 2.79065424e-03 -2.36314740e+139 
 2.79398724e-03 -3.50921991e+139 
 2.79732024e-03 -5.21111142e+139 
 2.80065324e-03 -7.73838145e+139 
 2.80398624e-03 -1.14913197e+140 
 2.80731924e-03 -1.70643473e+140 
 2.81065224e-03 -2.53401660e+140 
 2.81398524e-03 -3.76295677e+140 
 2.81731824e-03 -5.58790486e+140 
 2.82065124e-03 -8.29791108e+140 
 2.82398424e-03 -1.23222084e+141 
 2.82731724e-03 -1.82981981e+141 
 2.83065024e-03 -2.71724062e+141 
 2.83398324e-03 -4.03504025e+141 
 2.83731624e-03 -5.99194261e+141 
 2.84064924e-03 -8.89789791e+141 
 2.84398224e-03 -1.32131751e+142 
 2.84731524e-03 -1.96212633e+142 
 2.85064824e-03 -2.91371278e+142 
 2.85398124e-03 -4.32679692e+142 
 2.85731424e-03 -6.42519459e+142 
 2.86064724e-03 -9.54126721e+142 
 2.86398024e-03 -1.41685639e+143 
 2.86731324e-03 -2.10399937e+143 
 2.87064624e-03 -3.12439100e+143 
 2.87397924e-03 -4.63964927e+143 
 2.87731224e-03 -6.88977318e+143 
 2.88064524e-03 -1.02311558e+144 
 2.88397824e-03 -1.51930326e+144 
 2.88731124e-03 -2.25613064e+144 
 2.89064424e-03 -3.35030247e+144 
 2.89397724e-03 -4.97512263e+144 
 2.89731024e-03 -7.38794347e+144 
 2.90064324e-03 -1.09709273e+145 
 2.90397624e-03 -1.62915764e+145 
 2.90730924e-03 -2.41926188e+145 
 2.91064224e-03 -3.59254863e+145 
 2.91397524e-03 -5.33485265e+145 
 2.91730824e-03 -7.92213433e+145 
 2.92064124e-03 -1.17641885e+146 
 2.92397424e-03 -1.74695512e+146 
 2.92730724e-03 -2.59418845e+146 
 2.93064024e-03 -3.85231059e+146 
 2.93397324e-03 -5.72059322e+146 
 2.93730624e-03 -8.49495026e+146 
 2.94063924e-03 -1.26148071e+147 
 2.94397224e-03 -1.87327004e+147 
 2.94730524e-03 -2.78176321e+147 
 2.95063824e-03 -4.13085483e+147 
 2.95397124e-03 -6.13422506e+147 
 2.95730424e-03 -9.10918409e+147 
 2.96063724e-03 -1.35269303e+148 
 2.96397024e-03 -2.00871825e+148 
 2.96730324e-03 -2.98290072e+148 
 2.97063624e-03 -4.42953943e+148 
 2.97396924e-03 -6.57776487e+148 
 2.97730224e-03 -9.76783057e+148 
 2.98063524e-03 -1.45050053e+149 
 2.98396824e-03 -2.15396015e+149 
 2.98730124e-03 -3.19858162e+149 
 2.99063424e-03 -4.74982065e+149 
 2.99396724e-03 -7.05337516e+149 
 2.99730024e-03 -1.04741010e+150 
 3.00063324e-03 -1.55538007e+150 
 3.00396624e-03 -2.30970388e+150 
 3.00729924e-03 -3.42985751e+150 
 3.01063224e-03 -5.09326005e+150 
 3.01396524e-03 -7.56337484e+150 
 3.01729824e-03 -1.12314389e+151 
 3.02063124e-03 -1.66784302e+151 
 3.02396424e-03 -2.47670879e+151 
 3.02729724e-03 -3.67785597e+151 
 3.03063024e-03 -5.46153211e+151 
 3.03396324e-03 -8.11025044e+151 
 3.03729624e-03 -1.20435367e+152 
 3.04062924e-03 -1.78843768e+152 
 3.04396224e-03 -2.65578911e+152 
 3.04729524e-03 -3.94378617e+152 
 3.05062824e-03 -5.85643238e+152 
 3.05396124e-03 -8.69666832e+152 
 3.05729424e-03 -1.29143538e+153 
 3.06062724e-03 -1.91775204e+153 
 3.06396024e-03 -2.84781798e+153 
 3.06729324e-03 -4.22894466e+153 
 3.07062624e-03 -6.27988623e+153 
 3.07395924e-03 -9.32548761e+153 
 3.07729224e-03 -1.38481361e+154 
 3.08062524e-03 -2.05641658e+154 
 3.08395824e-03 -3.05373166e+154 
 3.08729124e-03 -4.53472176e+154 
 3.09062424e-03 -6.73395825e+154 
 3.09395724e-03 -9.99977419e+154 
 3.09729024e-03 -1.48494363e+155 
 3.10062324e-03 -2.20510737e+155 
 3.10395624e-03 -3.27453409e+155 
 3.10728924e-03 -4.86260833e+155 
 3.11062224e-03 -7.22086231e+155 
 3.11395524e-03 -1.07228156e+156 
 3.11728824e-03 -1.59231363e+156 
 3.12062124e-03 -2.36454937e+156 
 3.12395424e-03 -3.51130181e+156 
 3.12728724e-03 -5.21420300e+156 
 3.13062024e-03 -7.74297237e+156 
 3.13395324e-03 -1.14981371e+157 
 3.13728624e-03 -1.70744710e+157 
 3.14061924e-03 -2.53551995e+157 
 3.14395224e-03 -3.76518922e+157 
 3.14728524e-03 -5.59122001e+157 
 3.15061824e-03 -8.30283402e+157 
 3.15395124e-03 -1.23295189e+158 
 3.15728424e-03 -1.83090540e+158 
 3.16061724e-03 -2.71885270e+158 
 3.16395024e-03 -4.03743417e+158 
 3.16728324e-03 -5.99549754e+158 
 3.17061624e-03 -8.90317693e+158 
 3.17394924e-03 -1.32210144e+159 
 3.17728224e-03 -1.96329045e+159 
 3.18061524e-03 -2.91544148e+159 
 3.18394824e-03 -4.32936402e+159 
 3.18728124e-03 -6.42900670e+159 
 3.19061424e-03 -9.54692813e+159 
 3.19394724e-03 -1.41769702e+160 
 3.19728024e-03 -2.10524771e+160 
 3.20061324e-03 -3.12624477e+160 
 3.20394624e-03 -4.64240209e+160 
 3.20727924e-03 -6.89386109e+160 
 3.21061224e-03 -1.02372263e+161 
 3.21394524e-03 -1.52020473e+161 
 3.21727824e-03 -2.25746930e+161 
 3.22061124e-03 -3.35229036e+161 
 3.22394424e-03 -4.97807464e+161 
 3.22727724e-03 -7.39232716e+161 
 3.23061024e-03 -1.09774370e+162 
 3.23394324e-03 -1.63012433e+162 
 3.23727624e-03 -2.42069741e+162 
 3.24060924e-03 -3.59468037e+162 
 3.24394224e-03 -5.33801827e+162 
 3.24727524e-03 -7.92683524e+162 
 3.25060824e-03 -1.17711693e+163 
 3.25394124e-03 -1.74799177e+163 
 3.25727424e-03 -2.59572786e+163 
 3.26060724e-03 -3.85459660e+163 
 3.26394024e-03 -5.72398793e+163 
 3.26727324e-03 -8.49999137e+163 
 3.27060624e-03 -1.26222931e+164 
 3.27393924e-03 -1.87438170e+164 
 3.27727224e-03 -2.78341403e+164 
 3.28060524e-03 -4.13330628e+164 
 3.28393824e-03 -6.13786544e+164 
 3.28727124e-03 -9.11459003e+164 
 3.29060424e-03 -1.35349581e+165 
 3.29393724e-03 -2.00991037e+165 
 3.29727024e-03 -2.98467101e+165 
 3.30060324e-03 -4.43216829e+165 
 3.30393624e-03 -6.58166872e+165 
 3.30726924e-03 -9.77362777e+165 
 3.31060224e-03 -1.45136141e+166 
 3.31393524e-03 -2.15523855e+166 
 3.31726824e-03 -3.20048004e+166 
 3.32060124e-03 -4.75263978e+166 
 3.32393424e-03 -7.05756156e+166 
 3.32726724e-03 -1.04803178e+167 
 3.33060024e-03 -1.55630326e+167 
 3.33393324e-03 -2.31107481e+167 
 3.33726624e-03 -3.43189332e+167 
 3.34059924e-03 -5.09628323e+167 
 3.34393224e-03 -7.56786423e+167 
 3.34726524e-03 -1.12381056e+168 
 3.35059824e-03 -1.66883302e+168 
 3.35393124e-03 -2.47817894e+168 
 3.35726424e-03 -3.68003914e+168 
 3.36059724e-03 -5.46477410e+168 
 3.36393024e-03 -8.11506477e+168 
 3.36726324e-03 -1.20506859e+169 
 3.37059624e-03 -1.78949934e+169 
 3.37392924e-03 -2.65736567e+169 
 3.37726224e-03 -3.94612735e+169 
 3.38059524e-03 -5.85990902e+169 
 3.38392824e-03 -8.70183111e+169 
 3.38726124e-03 -1.29220205e+170 
 3.39059424e-03 -1.91889055e+170 
 3.39392724e-03 -2.84950865e+170 
 3.39726024e-03 -4.23145529e+170 
 3.40059324e-03 -6.28361450e+170 
 3.40392624e-03 -9.33102408e+170 
 3.40725924e-03 -1.38563577e+171 
 3.41059224e-03 -2.05763749e+171 
 3.41392524e-03 -3.05554469e+171 
 3.41725824e-03 -4.53741411e+171 
 3.42059124e-03 -6.73795637e+171 
 3.42392424e-03 -1.00057114e+172 
 3.42725724e-03 -1.48582530e+172 
 3.43059024e-03 -2.20641664e+172 
 3.43392324e-03 -3.27647835e+172 
 3.43725624e-03 -4.86549554e+172 
 3.44058924e-03 -7.22514980e+172 
 3.44392224e-03 -1.07291825e+173 
 3.44725524e-03 -1.59325911e+173 
 3.45058824e-03 -2.36595340e+173 
 3.45392124e-03 -3.51338679e+173 
 3.45725424e-03 -5.21729918e+173 
 3.46058724e-03 -7.74757018e+173 
 3.46392024e-03 -1.15049648e+174 
 3.46725324e-03 -1.70846101e+174 
 3.47058624e-03 -2.53702560e+174 
 3.47391924e-03 -3.76742511e+174 
 3.47725224e-03 -5.59454028e+174 
 3.48058524e-03 -8.30776460e+174 
 3.48391824e-03 -1.23368408e+175 
 3.48725124e-03 -1.83199269e+175 
 3.49058424e-03 -2.72046733e+175 
 3.49391724e-03 -4.03983187e+175 
 3.49725024e-03 -5.99905811e+175 
 3.50058324e-03 -8.90846435e+175 
 3.50391624e-03 -1.32288662e+176 
 3.50724924e-03 -1.96445643e+176 
 3.51058224e-03 -2.91717296e+176 
 3.51391524e-03 -4.33193525e+176 
 3.51724824e-03 -6.43282495e+176 
 3.52058124e-03 -9.55259821e+176 
 3.52391424e-03 -1.41853903e+177 
 3.52724724e-03 -2.10649807e+177 
 3.53058024e-03 -3.12810155e+177 
 3.53391324e-03 -4.64515940e+177 
 3.53724624e-03 -6.89795567e+177 
 3.54057924e-03 -1.02433067e+178 
 3.54391224e-03 -1.52110766e+178 
 3.54724524e-03 -2.25881016e+178 
 3.55057824e-03 -3.35428152e+178 
 3.55391124e-03 -4.98103149e+178 
 3.55724424e-03 -7.39671806e+178 
 3.56057724e-03 -1.09839575e+179 
 3.56391024e-03 -1.63109261e+179 
 3.56724324e-03 -2.42213530e+179 
 3.57057624e-03 -3.59681563e+179 
 3.57390924e-03 -5.34118910e+179 
 3.57724224e-03 -7.93154390e+179 
 3.58057524e-03 -1.17781616e+180 
 3.58390824e-03 -1.74903012e+180 
 3.58724124e-03 -2.59726980e+180 
 3.59057424e-03 -3.85688637e+180 
 3.59390724e-03 -5.72738821e+180 
 3.59724024e-03 -8.50504076e+180 
 3.60057324e-03 -1.26297914e+181 
 3.60390624e-03 -1.87549519e+181 
 3.60723924e-03 -2.78506755e+181 
 3.61057224e-03 -4.13576174e+181 
 3.61390524e-03 -6.14151178e+181 
 3.61723824e-03 -9.12000481e+181 
 3.62057124e-03 -1.35429990e+182 
 3.62390424e-03 -2.01110443e+182 
 3.62723724e-03 -2.98644418e+182 
 3.63057024e-03 -4.43480144e+182 
 3.63390324e-03 -6.58557891e+182 
 3.63723624e-03 -9.77943436e+182 
 3.64056924e-03 -1.45222368e+183 
 3.64390224e-03 -2.15651902e+183 
 3.64723524e-03 -3.20238152e+183 
 3.65056824e-03 -4.75546346e+183 
 3.65390124e-03 -7.06175468e+183 
 3.65723424e-03 -1.04865445e+184 
 3.66056724e-03 -1.55722793e+184 
 3.66390024e-03 -2.31244792e+184 
 3.66723324e-03 -3.43393239e+184 
 3.67056624e-03 -5.09931121e+184 
 3.67389924e-03 -7.57236076e+184 
 3.67723224e-03 -1.12447829e+185 
 3.68056524e-03 -1.66982459e+185 
 3.68389824e-03 -2.47965141e+185 
 3.68723124e-03 -3.68222574e+185 
 3.69056424e-03 -5.46802118e+185 
 3.69389724e-03 -8.11988664e+185 
 3.69723024e-03 -1.20578463e+186 
 3.70056324e-03 -1.79056266e+186 
 3.70389624e-03 -2.65894468e+186 
 3.70722924e-03 -3.94847215e+186 
 3.71056224e-03 -5.86339103e+186 
 3.71389524e-03 -8.70700184e+186 
 3.71722824e-03 -1.29296990e+187 
 3.72056124e-03 -1.92003079e+187 
 3.72389424e-03 -2.85120190e+187 
 3.72722724e-03 -4.23396974e+187 
 3.73056024e-03 -6.28734843e+187 
 3.73389324e-03 -9.33656892e+187 
 3.73722624e-03 -1.38645917e+188 
 3.74055924e-03 -2.05886023e+188 
 3.74389224e-03 -3.05736045e+188 
 3.74722524e-03 -4.54011048e+188 
 3.75055824e-03 -6.74196044e+188 
 3.75389124e-03 -1.00116574e+189 
 3.75722424e-03 -1.48670827e+189 
 3.76055724e-03 -2.20772785e+189 
 3.76389024e-03 -3.27842546e+189 
 3.76722324e-03 -4.86838698e+189 
 3.77055624e-03 -7.22944356e+189 
 3.77388924e-03 -1.07355587e+190 
 3.77722224e-03 -1.59420596e+190 
 3.78055524e-03 -2.36735947e+190 
 3.78388824e-03 -3.51547477e+190 
 3.78722124e-03 -5.22039980e+190 
 3.79055424e-03 -7.75217456e+190 
 3.79388724e-03 -1.15118023e+191 
 3.79722024e-03 -1.70947636e+191 
 3.80055324e-03 -2.53853338e+191 
 3.80388624e-03 -3.76966414e+191 
 3.80721924e-03 -5.59786521e+191 
 3.81055224e-03 -8.31270207e+191 
 3.81388524e-03 -1.23441728e+192 
 3.81721824e-03 -1.83308149e+192 
 3.82055124e-03 -2.72208418e+192 
 3.82388424e-03 -4.04223288e+192 
 3.82721724e-03 -6.00262357e+192 
 3.83055024e-03 -8.91375900e+192 
 3.83388324e-03 -1.32367287e+193 
 3.83721624e-03 -1.96562400e+193 
 3.84054924e-03 -2.91890677e+193 
 3.84388224e-03 -4.33450994e+193 
 3.84721524e-03 -6.43664833e+193 
 3.85054824e-03 -9.55827586e+193 
 3.85388124e-03 -1.41938215e+194 
 3.85721424e-03 -2.10775010e+194 
 3.86054724e-03 -3.12996079e+194 
 3.86388024e-03 -4.64792034e+194 
 3.86721324e-03 -6.90205562e+194 
 3.87054624e-03 -1.02493951e+195 
 3.87387924e-03 -1.52201178e+195 
 3.87721224e-03 -2.26015275e+195 
 3.88054524e-03 -3.35627525e+195 
 3.88387824e-03 -4.98399215e+195 
 3.88721124e-03 -7.40111459e+195 
 3.89054424e-03 -1.09904862e+196 
 3.89387724e-03 -1.63206212e+196 
 3.89721024e-03 -2.42357501e+196 
 3.90054324e-03 -3.59895357e+196 
 3.90387624e-03 -5.34436391e+196 
 3.90720924e-03 -7.93625844e+196 
 3.91054224e-03 -1.17851627e+197 
 3.91387524e-03 -1.75006976e+197 
 3.91720824e-03 -2.59881365e+197 
 3.92054124e-03 -3.85917895e+197 
 3.92387424e-03 -5.73079267e+197 
 3.92720724e-03 -8.51009632e+197 
 3.93054024e-03 -1.26372988e+198 
 3.93387324e-03 -1.87661003e+198 
 3.93720624e-03 -2.78672307e+198 
 3.94053924e-03 -4.13822016e+198 
 3.94387224e-03 -6.14516249e+198 
 3.94720524e-03 -9.12542604e+198 
 3.95053824e-03 -1.35510494e+199 
 3.95387124e-03 -2.01229991e+199 
 3.95720424e-03 -2.98821944e+199 
 3.96053724e-03 -4.43743767e+199 
 3.96387024e-03 -6.58949367e+199 
 3.96720324e-03 -9.78524771e+199 
 3.97053624e-03 -1.45308695e+200 
 3.97386924e-03 -2.15780096e+200 
 3.97720224e-03 -3.20428518e+200 
 3.98053524e-03 -4.75829036e+200 
 3.98386824e-03 -7.06595259e+200 
 3.98720124e-03 -1.04927783e+201 
 3.99053424e-03 -1.55815364e+201 
 3.99386724e-03 -2.31382259e+201 
 3.99720024e-03 -3.43597374e+201 
 4.00053324e-03 -5.10234258e+201 
 4.00386624e-03 -7.57686229e+201 
 4.00719924e-03 -1.12514676e+202 
 4.01053224e-03 -1.67081726e+202 
 4.01386524e-03 -2.48112549e+202 
 4.01719824e-03 -3.68441473e+202 
 4.02053124e-03 -5.47127179e+202 
 4.02386424e-03 -8.12471375e+202 
 4.02719724e-03 -1.20650145e+203 
 4.03053024e-03 -1.79162712e+203 
 4.03386324e-03 -2.66052538e+203 
 4.03719624e-03 -3.95081947e+203 
 4.04052924e-03 -5.86687675e+203 
 4.04386224e-03 -8.71217807e+203 
 4.04719524e-03 -1.29373856e+204 
 4.05052824e-03 -1.92117224e+204 
 4.05386124e-03 -2.85289693e+204 
 4.05719424e-03 -4.23648683e+204 
 4.06052724e-03 -6.29108625e+204 
 4.06386024e-03 -9.34211951e+204 
 4.06719324e-03 -1.38728343e+205 
 4.07052624e-03 -2.06008423e+205 
 4.07385924e-03 -3.05917806e+205 
 4.07719224e-03 -4.54280961e+205 
 4.08052524e-03 -6.74596859e+205 
 4.08385824e-03 -1.00176094e+206 
 4.08719124e-03 -1.48759213e+206 
 4.09052424e-03 -2.20904037e+206 
 4.09385724e-03 -3.28037453e+206 
 4.09719024e-03 -4.87128132e+206 
 4.10052324e-03 -7.23374158e+206 
 4.10385624e-03 -1.07419412e+207 
 4.10718924e-03 -1.59515375e+207 
 4.11052224e-03 -2.36876691e+207 
 4.11385524e-03 -3.51756480e+207 
 4.11718824e-03 -5.22350346e+207 
 4.12052124e-03 -7.75678342e+207 
 4.12385424e-03 -1.15186464e+208 
 4.12718724e-03 -1.71049270e+208 
 4.13052024e-03 -2.54004262e+208 
 4.13385324e-03 -3.77190532e+208 
 4.13718624e-03 -5.60119332e+208 
 4.14051924e-03 -8.31764425e+208 
 4.14385224e-03 -1.23515119e+209 
 4.14718524e-03 -1.83417133e+209 
 4.15051824e-03 -2.72370256e+209 
 4.15385124e-03 -4.04463614e+209 
 4.15718424e-03 -6.00619237e+209 
 4.16051724e-03 -8.91905859e+209 
 4.16385024e-03 -1.32445985e+210 
 4.16718324e-03 -1.96679264e+210 
 4.17051624e-03 -2.92064219e+210 
 4.17384924e-03 -4.33708700e+210 
 4.17718224e-03 -6.44047522e+210 
 4.18051524e-03 -9.56395872e+210 
 4.18384824e-03 -1.42022604e+211 
 4.18718124e-03 -2.10900326e+211 
 4.19051424e-03 -3.13182171e+211 
 4.19384724e-03 -4.65068377e+211 
 4.19718024e-03 -6.90615926e+211 
 4.20051324e-03 -1.02554889e+212 
 4.20384624e-03 -1.52291670e+212 
 4.20717924e-03 -2.26149654e+212 
 4.21051224e-03 -3.35827075e+212 
 4.21384524e-03 -4.98695542e+212 
 4.21717824e-03 -7.40551499e+212 
 4.22051124e-03 -1.09970208e+213 
 4.22384424e-03 -1.63303249e+213 
 4.22717724e-03 -2.42501597e+213 
 4.23051024e-03 -3.60109338e+213 
 4.23384324e-03 -5.34754148e+213 
 4.23717624e-03 -7.94097706e+213 
 4.24050924e-03 -1.17921697e+214 
 4.24384224e-03 -1.75111029e+214 
 4.24717524e-03 -2.60035882e+214 
 4.25050824e-03 -3.86147350e+214 
 4.25384124e-03 -5.73420002e+214 
 4.25717424e-03 -8.51515617e+214 
 4.26050724e-03 -1.26448126e+215 
 4.26384024e-03 -1.87772581e+215 
 4.26717324e-03 -2.78837998e+215 
 4.27050624e-03 -4.14068063e+215 
 4.27383924e-03 -6.14881624e+215 
 4.27717224e-03 -9.13085180e+215 
 4.28050524e-03 -1.35591065e+216 
 4.28383824e-03 -2.01349638e+216 
 4.28717124e-03 -2.98999617e+216 
 4.29050424e-03 -4.44007608e+216 
 4.29383724e-03 -6.59341164e+216 
 4.29717024e-03 -9.79106582e+216 
 4.30050324e-03 -1.45395093e+217 
 4.30383624e-03 -2.15908395e+217 
 4.30716924e-03 -3.20619039e+217 
 4.31050224e-03 -4.76111956e+217 
 4.31383524e-03 -7.07015390e+217 
 4.31716824e-03 -1.04990172e+218 
 4.32050124e-03 -1.55908009e+218 
 4.32383424e-03 -2.31519836e+218 
 4.32716724e-03 -3.43801672e+218 
 4.33050024e-03 -5.10537637e+218 
 4.33383324e-03 -7.58136740e+218 
 4.33716624e-03 -1.12581576e+219 
 4.34049924e-03 -1.67181071e+219 
 4.34383224e-03 -2.48260075e+219 
 4.34716524e-03 -3.68660545e+219 
 4.35049824e-03 -5.47452497e+219 
 4.35383124e-03 -8.12954464e+219 
 4.35716424e-03 -1.20721883e+220 
 4.36049724e-03 -1.79269241e+220 
 4.36383024e-03 -2.66210731e+220 
 4.36716324e-03 -3.95316861e+220 
 4.37049624e-03 -5.87036516e+220 
 4.37382924e-03 -8.71735830e+220 
 4.37716224e-03 -1.29450781e+221 
 4.38049524e-03 -1.92231456e+221 
 4.38382824e-03 -2.85459325e+221 
 4.38716124e-03 -4.23900583e+221 
 4.39049424e-03 -6.29482692e+221 
 4.39382724e-03 -9.34767433e+221 
 4.39716024e-03 -1.38810831e+222 
 4.40049324e-03 -2.06130915e+222 
 4.40382624e-03 -3.06099705e+222 
 4.40715924e-03 -4.54551077e+222 
 4.41049224e-03 -6.74997976e+222 
 4.41382524e-03 -1.00235659e+223 
 4.41715824e-03 -1.48847666e+223 
 4.42049124e-03 -2.21035387e+223 
 4.42382424e-03 -3.28232506e+223 
 4.42715724e-03 -4.87417780e+223 
 4.43049024e-03 -7.23804280e+223 
 4.43382324e-03 -1.07483284e+224 
 4.43715624e-03 -1.59610224e+224 
 4.44048924e-03 -2.37017540e+224 
 4.44382224e-03 -3.51965637e+224 
 4.44715524e-03 -5.22660939e+224 
 4.45048824e-03 -7.76139567e+224 
 4.45382124e-03 -1.15254954e+225 
 4.45715424e-03 -1.71150977e+225 
 4.46048724e-03 -2.54155295e+225 
 4.46382024e-03 -3.77414813e+225 
 4.46715324e-03 -5.60452384e+225 
 4.47048624e-03 -8.32259000e+225 
 4.47381924e-03 -1.23588562e+226 
 4.47715224e-03 -1.83526195e+226 
 4.48048524e-03 -2.72532211e+226 
 4.48381824e-03 -4.04704113e+226 
 4.48715124e-03 -6.00976372e+226 
 4.49048424e-03 -8.92436198e+226 
 4.49381724e-03 -1.32524739e+227 
 4.49715024e-03 -1.96796213e+227 
 4.50048324e-03 -2.92237885e+227 
 4.50381624e-03 -4.33966590e+227 
 4.50714924e-03 -6.44430482e+227 
 4.51048224e-03 -9.56964559e+227 
 4.51381524e-03 -1.42107053e+228 
 4.51714824e-03 -2.11025731e+228 
 4.52048124e-03 -3.13368394e+228 
 4.52381424e-03 -4.65344914e+228 
 4.52714724e-03 -6.91026578e+228 
 4.53048024e-03 -1.02615870e+229 
 4.53381324e-03 -1.52382225e+229 
 4.53714624e-03 -2.26284127e+229 
 4.54047924e-03 -3.36026764e+229 
 4.54381224e-03 -4.98992076e+229 
 4.54714524e-03 -7.40991845e+229 
 4.55047824e-03 -1.10035598e+230 
 4.55381124e-03 -1.63400352e+230 
 4.55714424e-03 -2.42645794e+230 
 4.56047724e-03 -3.60323466e+230 
 4.56381024e-03 -5.35072124e+230 
 4.56714324e-03 -7.94569893e+230 
 4.57047624e-03 -1.17991816e+231 
 4.57380924e-03 -1.75215154e+231 
 4.57714224e-03 -2.60190505e+231 
 4.58047524e-03 -3.86376962e+231 
 4.58380824e-03 -5.73760971e+231 
 4.58714124e-03 -8.52021948e+231 
 4.59047424e-03 -1.26523315e+232 
 4.59380724e-03 -1.87884235e+232 
 4.59714024e-03 -2.79003801e+232 
 4.60047324e-03 -4.14314278e+232 
 4.60380624e-03 -6.15247248e+232 
 4.60713924e-03 -9.13628122e+232 
 4.61047224e-03 -1.35671691e+233 
 4.61380524e-03 -2.01469365e+233 
 4.61713824e-03 -2.99177410e+233 
 4.62047124e-03 -4.44271626e+233 
 4.62380424e-03 -6.59733226e+233 
 4.62713724e-03 -9.79688784e+233 
 4.63047024e-03 -1.45481549e+234 
 4.63380324e-03 -2.16036780e+234 
 4.63713624e-03 -3.20809688e+234 
 4.64046924e-03 -4.76395065e+234 
 4.64380224e-03 -7.07435800e+234 
 4.64713524e-03 -1.05052602e+235 
 4.65046824e-03 -1.56000716e+235 
 4.65380124e-03 -2.31657504e+235 
 4.65713424e-03 -3.44006106e+235 
 4.66046724e-03 -5.10841217e+235 
 4.66380024e-03 -7.58587550e+235 
 4.66713324e-03 -1.12648520e+236 
 4.67046624e-03 -1.67280481e+236 
 4.67379924e-03 -2.48407697e+236 
 4.67713224e-03 -3.68879762e+236 
 4.68046524e-03 -5.47778028e+236 
 4.68379824e-03 -8.13437871e+236 
 4.68713124e-03 -1.20793667e+237 
 4.69046424e-03 -1.79375839e+237 
 4.69379724e-03 -2.66369028e+237 
 4.69713024e-03 -3.95551928e+237 
 4.70046324e-03 -5.87385586e+237 
 4.70379624e-03 -8.72254191e+237 
 4.70712924e-03 -1.29527757e+238 
 4.71046224e-03 -1.92345763e+238 
 4.71379524e-03 -2.85629068e+238 
 4.71712824e-03 -4.24152648e+238 
 4.72046124e-03 -6.29857003e+238 
 4.72379424e-03 -9.35323275e+238 
 4.72712724e-03 -1.38893372e+239 
 4.73046024e-03 -2.06253488e+239 
 4.73379324e-03 -3.06281722e+239 
 4.73712624e-03 -4.54821368e+239 
 4.74045924e-03 -6.75399351e+239 
 4.74379224e-03 -1.00295262e+240 
 4.74712524e-03 -1.48936176e+240 
 4.75045824e-03 -2.21166822e+240 
 4.75379124e-03 -3.28427684e+240 
 4.75712424e-03 -4.87707615e+240 
 4.76045724e-03 -7.24234679e+240 
 4.76379024e-03 -1.07547197e+241 
 4.76712324e-03 -1.59705133e+241 
 4.77045624e-03 -2.37158478e+241 
 4.77378924e-03 -3.52174928e+241 
 4.77712224e-03 -5.22971731e+241 
 4.78045524e-03 -7.76601086e+241 
 4.78378824e-03 -1.15323489e+242 
 4.78712124e-03 -1.71252749e+242 
 4.79045424e-03 -2.54306425e+242 
 4.79378724e-03 -3.77639237e+242 
 4.79712024e-03 -5.60785649e+242 
 4.80045324e-03 -8.32753891e+242 
 4.80378624e-03 -1.23662052e+243 
 4.80711924e-03 -1.83635326e+243 
 4.81045224e-03 -2.72694268e+243 
 4.81378524e-03 -4.04944765e+243 
 4.81711824e-03 -6.01333734e+243 
 4.82045124e-03 -8.92966872e+243 
 4.82378424e-03 -1.32603543e+244 
 4.82711724e-03 -1.96913235e+244 
 4.83045024e-03 -2.92411660e+244 
 4.83378324e-03 -4.34224642e+244 
 4.83711624e-03 -6.44813684e+244 
 4.84044924e-03 -9.57533605e+244 
 4.84378224e-03 -1.42191555e+245 
 4.84711524e-03 -2.11151214e+245 
 4.85044824e-03 -3.13554735e+245 
 4.85378124e-03 -4.65621626e+245 
 4.85711424e-03 -6.91437488e+245 
 4.86044724e-03 -1.02676889e+246 
 4.86378024e-03 -1.52472837e+246 
 4.86711324e-03 -2.26418683e+246 
 4.87044624e-03 -3.36226578e+246 
 4.87377924e-03 -4.99288795e+246 
 4.87711224e-03 -7.41432467e+246 
 4.88044524e-03 -1.10101029e+247 
 4.88377824e-03 -1.63497516e+247 
 4.88711124e-03 -2.42790080e+247 
 4.89044424e-03 -3.60537728e+247 
 4.89377724e-03 -5.35390298e+247 
 4.89711024e-03 -7.95042375e+247 
 4.90044324e-03 -1.18061978e+248 
 4.90377624e-03 -1.75319343e+248 
 4.90710924e-03 -2.60345224e+248 
 4.91044224e-03 -3.86606716e+248 
 4.91377524e-03 -5.74102151e+248 
 4.91710824e-03 -8.52528593e+248 
 4.92044124e-03 -1.26598551e+249 
 4.92377424e-03 -1.87995958e+249 
 4.92710724e-03 -2.79169708e+249 
 4.93044024e-03 -4.14560645e+249 
 4.93377324e-03 -6.15613098e+249 
 4.93710624e-03 -9.14171401e+249 
 4.94043924e-03 -1.35752367e+250 
 4.94377224e-03 -2.01589167e+250 
 4.94710524e-03 -2.99355312e+250 
 4.95043824e-03 -4.44535807e+250 
 4.95377124e-03 -6.60125529e+250 
 4.95710424e-03 -9.80271346e+250 
 4.96043724e-03 -1.45568058e+251 
 4.96377024e-03 -2.16165244e+251 
 4.96710324e-03 -3.21000454e+251 
 4.97043624e-03 -4.76678349e+251 
 4.97376924e-03 -7.07856469e+251 
 4.97710224e-03 -1.05115070e+252 
 4.98043524e-03 -1.56093481e+252 
 4.98376824e-03 -2.31795256e+252 
 4.98710124e-03 -3.44210666e+252 
 4.99043424e-03 -5.11144984e+252 
 4.99376724e-03 -7.59038636e+252 
 4.99710024e-03 -1.12715505e+253 
 5.00043324e-03 -1.67379953e+253 
 5.00376624e-03 -2.48555411e+253 
 5.00709924e-03 -3.69099112e+253 
 5.01043224e-03 -5.48103759e+253 
 5.01376524e-03 -8.13921574e+253 
 5.01709824e-03 -1.20865496e+254 
 5.02043124e-03 -1.79482504e+254 
 5.02376424e-03 -2.66527422e+254 
 5.02709724e-03 -3.95787139e+254 
 5.03043024e-03 -5.87734870e+254 
 5.03376324e-03 -8.72772869e+254 
 5.03709624e-03 -1.29604779e+255 
 5.04042924e-03 -1.92460139e+255 
 5.04376224e-03 -2.85798915e+255 
 5.04709524e-03 -4.24404867e+255 
 5.05042824e-03 -6.30231542e+255 
 5.05376124e-03 -9.35879457e+255 
 5.05709424e-03 -1.38975964e+256 
 5.06042724e-03 -2.06376134e+256 
 5.06376024e-03 -3.06463850e+256 
 5.06709324e-03 -4.55091823e+256 
 5.07042624e-03 -6.75800972e+256 
 5.07375924e-03 -1.00354902e+257 
 5.07709224e-03 -1.49024739e+257 
 5.08042524e-03 -2.21298337e+257 
 5.08375824e-03 -3.28622980e+257 
 5.08709124e-03 -4.87997626e+257 
 5.09042424e-03 -7.24665339e+257 
 5.09375724e-03 -1.07611149e+258 
 5.09709024e-03 -1.59800101e+258 
 5.10042324e-03 -2.37299502e+258 
 5.10375624e-03 -3.52384346e+258 
 5.10708924e-03 -5.23282712e+258 
 5.11042224e-03 -7.77062885e+258 
 5.11375524e-03 -1.15392065e+259 
 5.11708824e-03 -1.71354583e+259 
 5.12042124e-03 -2.54457646e+259 
 5.12375424e-03 -3.77863797e+259 
 5.12708724e-03 -5.61119116e+259 
 5.13042024e-03 -8.33249081e+259 
 5.13375324e-03 -1.23735587e+260 
 5.13708624e-03 -1.83744523e+260 
 5.14041924e-03 -2.72856423e+260 
 5.14375224e-03 -4.05185562e+260 
 5.14708524e-03 -6.01691313e+260 
 5.15041824e-03 -8.93497868e+260 
 5.15375124e-03 -1.32682394e+261 
 5.15708424e-03 -1.97030328e+261 
 5.16041724e-03 -2.92585540e+261 
 5.16375024e-03 -4.34482850e+261 
 5.16708324e-03 -6.45197117e+261 
 5.17041624e-03 -9.58102995e+261 
 5.17374924e-03 -1.42276108e+262 
 5.17708224e-03 -2.11276774e+262 
 5.18041524e-03 -3.13741188e+262 
 5.18374824e-03 -4.65898504e+262 
 5.18708124e-03 -6.91848646e+262 
 5.19041424e-03 -1.02737945e+263 
 5.19374724e-03 -1.52563504e+263 
 5.19708024e-03 -2.26553322e+263 
 5.20041324e-03 -3.36426513e+263 
 5.20374624e-03 -4.99585694e+263 
 5.20707924e-03 -7.41873354e+263 
 5.21041224e-03 -1.10166500e+264 
 5.21374524e-03 -1.63594738e+264 
 5.21707824e-03 -2.42934453e+264 
 5.22041124e-03 -3.60752119e+264 
 5.22374424e-03 -5.35708664e+264 
 5.22707724e-03 -7.95515141e+264 
 5.23041024e-03 -1.18132183e+265 
 5.23374324e-03 -1.75423596e+265 
 5.23707624e-03 -2.60500037e+265 
 5.24040924e-03 -3.86836609e+265 
 5.24374224e-03 -5.74443537e+265 
 5.24707524e-03 -8.53035543e+265 
 5.25040824e-03 -1.26673831e+266 
 5.25374124e-03 -1.88107749e+266 
 5.25707424e-03 -2.79335714e+266 
 5.26040724e-03 -4.14807161e+266 
 5.26374024e-03 -6.15979168e+266 
 5.26707324e-03 -9.14715007e+266 
 5.27040624e-03 -1.35833091e+267 
 5.27373924e-03 -2.01709040e+267 
 5.27707224e-03 -2.99533322e+267 
 5.28040524e-03 -4.44800147e+267 
 5.28373824e-03 -6.60518068e+267 
 5.28707124e-03 -9.80854257e+267 
 5.29040424e-03 -1.45654619e+268 
 5.29373724e-03 -2.16293785e+268 
 5.29707024e-03 -3.21191335e+268 
 5.30040324e-03 -4.76961802e+268 
 5.30373624e-03 -7.08277392e+268 
 5.30706924e-03 -1.05177576e+269 
 5.31040224e-03 -1.56186301e+269 
 5.31373524e-03 -2.31933092e+269 
 5.31706824e-03 -3.44415349e+269 
 5.32040124e-03 -5.11448933e+269 
 5.32373424e-03 -7.59489994e+269 
 5.32706724e-03 -1.12782531e+270 
 5.33040024e-03 -1.67479484e+270 
 5.33373324e-03 -2.48703212e+270 
 5.33706624e-03 -3.69318595e+270 
 5.34039924e-03 -5.48429685e+270 
 5.34373224e-03 -8.14405567e+270 
 5.34706524e-03 -1.20937368e+271 
 5.35039824e-03 -1.79589232e+271 
 5.35373124e-03 -2.66685911e+271 
 5.35706424e-03 -3.96022491e+271 
 5.36039724e-03 -5.88084362e+271 
 5.36373024e-03 -8.73291857e+271 
 5.36706324e-03 -1.29681848e+272 
 5.37039624e-03 -1.92574585e+272 
 5.37372924e-03 -2.85968863e+272 
 5.37706224e-03 -4.24657236e+272 
 5.38039524e-03 -6.30606305e+272 
 5.38372824e-03 -9.36435972e+272 
 5.38706124e-03 -1.39058605e+273 
 5.39039424e-03 -2.06498855e+273 
 5.39372724e-03 -3.06646087e+273 
 5.39706024e-03 -4.55362441e+273 
 5.40039324e-03 -6.76202833e+273 
 5.40372624e-03 -1.00414577e+274 
 5.40705924e-03 -1.49113356e+274 
 5.41039224e-03 -2.21429931e+274 
 5.41372524e-03 -3.28818394e+274 
 5.41705824e-03 -4.88287811e+274 
 5.42039124e-03 -7.25096256e+274 
 5.42372424e-03 -1.07675139e+275 
 5.42705724e-03 -1.59895125e+275 
 5.43039024e-03 -2.37440611e+275 
 5.43372324e-03 -3.52593889e+275 
 5.43705624e-03 -5.23593879e+275 
 5.44038924e-03 -7.77524961e+275 
 5.44372224e-03 -1.15460682e+276 
 5.44705524e-03 -1.71456478e+276 
 5.45038824e-03 -2.54608957e+276 
 5.45372124e-03 -3.78088491e+276 
 5.45705424e-03 -5.61452782e+276 
 5.46038724e-03 -8.33744568e+276 
 5.46372024e-03 -1.23809166e+277 
 5.46705324e-03 -1.83853786e+277 
 5.47038624e-03 -2.73018676e+277 
 5.47371924e-03 -4.05426503e+277 
 5.47705224e-03 -6.02049105e+277 
 5.48038524e-03 -8.94029181e+277 
 5.48371824e-03 -1.32761293e+278 
 5.48705124e-03 -1.97147491e+278 
 5.49038424e-03 -2.92759524e+278 
 5.49371724e-03 -4.34741213e+278 
 5.49705024e-03 -6.45580780e+278 
 5.50038324e-03 -9.58672725e+278 
 5.50371624e-03 -1.42360712e+279 
 5.50704924e-03 -2.11402408e+279 
 5.51038224e-03 -3.13927752e+279 
 5.51371524e-03 -4.66175548e+279 
 5.51704824e-03 -6.92260050e+279 
 5.52038124e-03 -1.02799038e+280 
 5.52371424e-03 -1.52654225e+280 
 5.52704724e-03 -2.26688040e+280 
 5.53038024e-03 -3.36626567e+280 
 5.53371324e-03 -4.99882769e+280 
 5.53704624e-03 -7.42314505e+280 
 5.54037924e-03 -1.10232010e+281 
 5.54371224e-03 -1.63692019e+281 
 5.54704524e-03 -2.43078913e+281 
 5.55037824e-03 -3.60966638e+281 
 5.55371124e-03 -5.36027220e+281 
 5.55704424e-03 -7.95988189e+281 
 5.56037724e-03 -1.18202430e+282 
 5.56371024e-03 -1.75527910e+282 
 5.56704324e-03 -2.60654941e+282 
 5.57037624e-03 -3.87066639e+282 
 5.57370924e-03 -5.74785126e+282 
 5.57704224e-03 -8.53542796e+282 
 5.58037524e-03 -1.26749157e+283 
 5.58370824e-03 -1.88219606e+283 
 5.58704124e-03 -2.79501820e+283 
 5.59037424e-03 -4.15053824e+283 
 5.59370724e-03 -6.16345456e+283 
 5.59704024e-03 -9.15258937e+283 
 5.60037324e-03 -1.35913863e+284 
 5.60370624e-03 -2.01828986e+284 
 5.60703924e-03 -2.99711438e+284 
 5.61037224e-03 -4.45064645e+284 
 5.61370524e-03 -6.60910841e+284 
 5.61703824e-03 -9.81437517e+284 
 5.62037124e-03 -1.45741231e+285 
 5.62370424e-03 -2.16422403e+285 
 5.62703724e-03 -3.21382329e+285 
 5.63037024e-03 -4.77245425e+285 
 5.63370324e-03 -7.08698565e+285 
 5.63703624e-03 -1.05240120e+286 
 5.64036924e-03 -1.56279176e+286 
 5.64370224e-03 -2.32071010e+286 
 5.64703524e-03 -3.44620153e+286 
 5.65036824e-03 -5.11753063e+286 
 5.65370124e-03 -7.59941620e+286 
 5.65703424e-03 -1.12849596e+287 
 5.66036724e-03 -1.67579075e+287 
 5.66370024e-03 -2.48851102e+287 
 5.66703324e-03 -3.69538208e+287 
 5.67036624e-03 -5.48755806e+287 
 5.67369924e-03 -8.14889848e+287 
 5.67703224e-03 -1.21009283e+288 
 5.68036524e-03 -1.79696023e+288 
 5.68369824e-03 -2.66844494e+288 
 5.68703124e-03 -3.96257984e+288 
 5.69036424e-03 -5.88434063e+288 
 5.69369724e-03 -8.73811155e+288 
 5.69703024e-03 -1.29758962e+289 
 5.70036324e-03 -1.92689098e+289 
 5.70369624e-03 -2.86138913e+289 
 5.70702924e-03 -4.24909756e+289 
 5.71036224e-03 -6.30981291e+289 
 5.71369524e-03 -9.36992818e+289 
 5.71702824e-03 -1.39141295e+290 
 5.72036124e-03 -2.06621648e+290 
 5.72369424e-03 -3.06828432e+290 
 5.72702724e-03 -4.55633219e+290 
 5.73036024e-03 -6.76604933e+290 
 5.73369324e-03 -1.00474288e+291 
 5.73702624e-03 -1.49202025e+291 
 5.74035924e-03 -2.21561603e+291 
 5.74369224e-03 -3.29013924e+291 
 5.74702524e-03 -4.88578169e+291 
 5.75035824e-03 -7.25527431e+291 
 5.75369124e-03 -1.07739168e+292 
 5.75702424e-03 -1.59990205e+292 
 5.76035724e-03 -2.37581804e+292 
 5.76369024e-03 -3.52803557e+292 
 5.76702324e-03 -5.23905231e+292 
 5.77035624e-03 -7.77987312e+292 
 5.77368924e-03 -1.15529340e+293 
 5.77702224e-03 -1.71558434e+293 
 5.78035524e-03 -2.54760359e+293 
 5.78368824e-03 -3.78313320e+293 
 5.78702124e-03 -5.61786646e+293 
 5.79035424e-03 -8.34240349e+293 
 5.79368724e-03 -1.23882788e+294 
 5.79702024e-03 -1.83963113e+294 
 5.80035324e-03 -2.73181025e+294 
 5.80368624e-03 -4.05667588e+294 
 5.80701924e-03 -6.02407110e+294 
 5.81035224e-03 -8.94560811e+294 
 5.81368524e-03 -1.32840239e+295 
 5.81701824e-03 -1.97264723e+295 
 5.82035124e-03 -2.92933612e+295 
 5.82368424e-03 -4.34999729e+295 
 5.82701724e-03 -6.45964671e+295 
 5.83035024e-03 -9.59242795e+295 
 5.83368324e-03 -1.42445366e+296 
 5.83701624e-03 -2.11528118e+296 
 5.84034924e-03 -3.14114427e+296 
 5.84368224e-03 -4.66452756e+296 
 5.84701524e-03 -6.92671698e+296 
 5.85034824e-03 -1.02860166e+297 
 5.85368124e-03 -1.52745000e+297 
 5.85701424e-03 -2.26822839e+297 
 5.86034724e-03 -3.36826740e+297 
 5.86368024e-03 -5.00180022e+297 
 5.86701324e-03 -7.42755918e+297 
 5.87034624e-03 -1.10297559e+298 
 5.87367924e-03 -1.63789358e+298 
 5.87701224e-03 -2.43223458e+298 
 5.88034524e-03 -3.61181285e+298 
 5.88367824e-03 -5.36345966e+298 
 5.88701124e-03 -7.96461519e+298 
 5.89034424e-03 -1.18272718e+299 
 5.89367724e-03 -1.75632287e+299 
 5.89701024e-03 -2.60809938e+299 
 5.90034324e-03 -3.87296806e+299 
 5.90367624e-03 -5.75126919e+299 
 5.90700924e-03 -8.54050350e+299 
 5.91034224e-03 -1.26824528e+300 
 5.91367524e-03 -1.88331530e+300 
 5.91700824e-03 -2.79668024e+300 
 5.92034124e-03 -4.15300633e+300 
 5.92367424e-03 -6.16711963e+300 
 5.92700724e-03 -9.15803190e+300 
 5.93034024e-03 -1.35994684e+301 
 5.93367324e-03 -2.01949002e+301 
 5.93700624e-03 -2.99889659e+301 
 5.94033924e-03 -4.45329300e+301 
 5.94367224e-03 -6.61303848e+301 
 5.94700524e-03 -9.82021123e+301 
 5.95033824e-03 -1.45827896e+302 
 5.95367124e-03 -2.16551097e+302 
 5.95700424e-03 -3.21573437e+302 
 5.96033724e-03 -4.77529216e+302 
 5.96367024e-03 -7.09119988e+302 
 5.96700324e-03 -1.05302700e+303 
 5.97033624e-03 -1.56372106e+303 
 5.97366924e-03 -2.32209009e+303 
