 0.00000000e+00  0.00000000e+00 
 3.33300000e-08 -2.09208674e-04 
 6.66600000e-08 -4.18486318e-04 
 1.33320000e-07 -8.37041589e-04 
 2.66640000e-07 -1.67415162e-03 
 5.33280000e-07 -3.34836756e-03 
 1.06656000e-06 -6.69676655e-03 
 2.13312000e-06 -1.33933014e-02 
 4.26624000e-06 -2.67842659e-02 
 7.59924000e-06 -4.76971134e-02 
 1.09322400e-05 -6.85890437e-02 
 1.42652400e-05 -8.94508946e-02 
 1.75982400e-05 -1.10273517e-01 
 2.09312400e-05 -1.31047780e-01 
 2.42642400e-05 -1.51764574e-01 
 2.75972400e-05 -1.72414812e-01 
 3.09302400e-05 -1.92989439e-01 
 3.42632400e-05 -2.13479432e-01 
 3.75962400e-05 -2.33875807e-01 
 4.09292400e-05 -2.54169620e-01 
 4.42622400e-05 -2.74351972e-01 
 4.75952400e-05 -2.94414015e-01 
 5.09282400e-05 -3.14346954e-01 
 5.42612400e-05 -3.34142051e-01 
 5.75942400e-05 -3.53790634e-01 
 6.09272400e-05 -3.73284096e-01 
 6.42602400e-05 -3.92613906e-01 
 6.75932400e-05 -4.11771610e-01 
 7.09262400e-05 -4.30748845e-01 
 7.42592400e-05 -4.49537344e-01 
 7.75922400e-05 -4.68128950e-01 
 8.09252400e-05 -4.86515636e-01 
 8.42582400e-05 -5.04689527e-01 
 8.75912400e-05 -5.22642935e-01 
 9.09242400e-05 -5.40368409e-01 
 9.42572400e-05 -5.57858811e-01 
 9.75902400e-05 -5.75107421e-01 
 1.00923240e-04 -5.92108099e-01 
 1.04256240e-04 -6.08855524e-01 
 1.07589240e-04 -6.25345548e-01 
 1.10922240e-04 -6.41575728e-01 
 1.14255240e-04 -6.57546116e-01 
 1.17588240e-04 -6.73260441e-01 
 1.20921240e-04 -6.88727878e-01 
 1.24254240e-04 -7.03965689e-01 
 1.27587240e-04 -7.19003172e-01 
 1.30920240e-04 -7.33887564e-01 
 1.34253240e-04 -7.48692869e-01 
 1.37586240e-04 -7.63533039e-01 
 1.40919240e-04 -7.78581697e-01 
 1.44252240e-04 -7.94101588e-01 
 1.47585240e-04 -8.10488599e-01 
 1.50918240e-04 -8.28337526e-01 
 1.54251240e-04 -8.48540327e-01 
 1.57584240e-04 -8.72432880e-01 
 1.60917240e-04 -9.02014193e-01 
 1.64250240e-04 -9.40273778e-01 
 1.67583240e-04 -9.91680512e-01 
 1.70916240e-04 -1.06291259e+00 
 1.74249240e-04 -1.16394733e+00 
 1.77582240e-04 -1.30968809e+00 
 1.80915240e-04 -1.52239280e+00 
 1.84248240e-04 -1.83529871e+00 
 1.87581240e-04 -2.29803208e+00 
 1.90914240e-04 -2.98468115e+00 
 1.94247240e-04 -4.00584233e+00 
 1.97580240e-04 -5.52659381e+00 
 2.00913240e-04 -7.79331076e+00 
 2.04246240e-04 -1.11736684e+01 
 2.07579240e-04 -1.62163140e+01 
 2.10912240e-04 -2.37398718e+01 
 2.14245240e-04 -3.49656898e+01 
 2.17578240e-04 -5.17158118e+01 
 2.20911240e-04 -7.67081988e+01 
 2.24244240e-04 -1.13996945e+02 
 2.27577240e-04 -1.69628648e+02 
 2.30910240e-04 -2.52621008e+02 
 2.34243240e-04 -3.76421752e+02 
 2.37576240e-04 -5.61083472e+02 
 2.40909240e-04 -8.36505528e+02 
 2.44242240e-04 -1.24726619e+03 
 2.47575240e-04 -1.85982471e+03 
 2.50908240e-04 -2.77325489e+03 
 2.54241240e-04 -4.13524097e+03 
 2.57574240e-04 -6.16591438e+03 
 2.60907240e-04 -9.19337258e+03 
 2.64240240e-04 -1.37066025e+04 
 2.67573240e-04 -2.04343326e+04 
 2.70906240e-04 -3.04625103e+04 
 2.74239240e-04 -4.54093157e+04 
 2.77572240e-04 -6.76858787e+04 
 2.80905240e-04 -1.00884645e+05 
 2.84238240e-04 -1.50357867e+05 
 2.87571240e-04 -2.24079238e+05 
 2.90904240e-04 -3.33927216e+05 
 2.94237240e-04 -4.97596306e+05 
 2.97570240e-04 -7.41443441e+05 
 3.00903240e-04 -1.10472679e+06 
 3.04236240e-04 -1.64591783e+06 
 3.07569240e-04 -2.45210045e+06 
 3.10902240e-04 -3.65296599e+06 
 3.14235240e-04 -5.44165103e+06 
 3.17568240e-04 -8.10576194e+06 
 3.20901240e-04 -1.20735645e+07 
 3.24234240e-04 -1.79827486e+07 
 3.27567240e-04 -2.67827969e+07 
 3.30900240e-04 -3.98873748e+07 
 3.34233240e-04 -5.94011731e+07 
 3.37566240e-04 -8.84575684e+07 
 3.40899240e-04 -1.31721216e+08 
 3.44232240e-04 -1.96136119e+08 
 3.47565240e-04 -2.92039013e+08 
 3.50898240e-04 -4.34816430e+08 
 3.54231240e-04 -6.47370830e+08 
 3.57564240e-04 -9.63790697e+08 
 3.60897240e-04 -1.43481222e+09 
 3.64230240e-04 -2.13594687e+09 
 3.67563240e-04 -3.17957561e+09 
 3.70896240e-04 -4.73294543e+09 
 3.74229240e-04 -7.04494729e+09 
 3.77562240e-04 -1.04859598e+10 
 3.80895240e-04 -1.56071317e+10 
 3.84228240e-04 -2.32285838e+10 
 3.87561240e-04 -3.45706354e+10 
 3.90894240e-04 -5.14490358e+10 
 3.94227240e-04 -7.65654110e+10 
 3.97560240e-04 -1.13939351e+11 
 4.00893240e-04 -1.69551193e+11 
 4.04226240e-04 -2.52298218e+11 
 4.07559240e-04 -3.75417029e+11 
 4.10892240e-04 -5.58599359e+11 
 4.14225240e-04 -8.31139265e+11 
 4.17558240e-04 -1.23661436e+12 
 4.20891240e-04 -1.83984868e+12 
 4.24224240e-04 -2.73726891e+12 
 4.27557240e-04 -4.07230758e+12 
 4.30890240e-04 -6.05831188e+12 
 4.34223240e-04 -9.01261516e+12 
 4.37556240e-04 -1.34072085e+13 
 4.40889240e-04 -1.99440994e+13 
 4.44222240e-04 -2.96673810e+13 
 4.47555240e-04 -4.41298940e+13 
 4.50888240e-04 -6.56410673e+13 
 4.54221240e-04 -9.76354731e+13 
 4.57554240e-04 -1.45220878e+14 
 4.60887240e-04 -2.15993198e+14 
 4.64220240e-04 -3.21248308e+14 
 4.67553240e-04 -4.77783936e+14 
 4.70886240e-04 -7.10578921e+14 
 4.74219240e-04 -1.05677696e+15 
 4.77552240e-04 -1.57160984e+15 
 4.80885240e-04 -2.33720437e+15 
 4.84218240e-04 -3.47567637e+15 
 4.87551240e-04 -5.16859867e+15 
 4.90884240e-04 -7.68594499e+15 
 4.94217240e-04 -1.14291216e+16 
 4.97550240e-04 -1.69949424e+16 
 5.00883240e-04 -2.52707386e+16 
 5.04216240e-04 -3.75757540e+16 
 5.07549240e-04 -5.58713457e+16 
 5.10882240e-04 -8.30734696e+16 
 5.14215240e-04 -1.23517213e+17 
 5.17548240e-04 -1.83647345e+17 
 5.20881240e-04 -2.73044850e+17 
 5.24214240e-04 -4.05952861e+17 
 5.27547240e-04 -6.03544954e+17 
 5.30880240e-04 -8.97296876e+17 
 5.34213240e-04 -1.33399843e+18 
 5.37546240e-04 -1.98320324e+18 
 5.40879240e-04 -2.94830208e+18 
 5.44212240e-04 -4.38298209e+18 
 5.47545240e-04 -6.51569098e+18 
 5.50878240e-04 -9.68599931e+18 
 5.54211240e-04 -1.43986463e+19 
 5.57544240e-04 -2.14038681e+19 
 5.60877240e-04 -3.18167889e+19 
 5.64210240e-04 -4.72948658e+19 
 5.67543240e-04 -7.03016177e+19 
 5.70876240e-04 -1.04498583e+20 
 5.74209240e-04 -1.55327855e+20 
 5.77542240e-04 -2.30877831e+20 
 5.80875240e-04 -3.43169879e+20 
 5.84208240e-04 -5.10070511e+20 
 5.87541240e-04 -7.58133147e+20 
 5.90874240e-04 -1.12682132e+21 
 5.94207240e-04 -1.67478478e+21 
 5.97540240e-04 -2.48918644e+21 
 6.00873240e-04 -3.69956273e+21 
 6.04206240e-04 -5.49842105e+21 
 6.07539240e-04 -8.17184837e+21 
 6.10872240e-04 -1.21449965e+22 
 6.14205240e-04 -1.80496734e+22 
 6.17538240e-04 -2.68247844e+22 
 6.20871240e-04 -3.98655855e+22 
 6.24204240e-04 -5.92454684e+22 
 6.27537240e-04 -8.80455246e+22 
 6.30870240e-04 -1.30844256e+23 
 6.34203240e-04 -1.94445248e+23 
 6.37536240e-04 -2.88958433e+23 
 6.40869240e-04 -4.29406730e+23 
 6.44202240e-04 -6.38113334e+23 
 6.47535240e-04 -9.48248922e+23 
 6.50868240e-04 -1.40910231e+24 
 6.54201240e-04 -2.09391181e+24 
 6.57534240e-04 -3.11150141e+24 
 6.60867240e-04 -4.62356998e+24 
 6.64200240e-04 -6.87037981e+24 
 6.67533240e-04 -1.02089245e+25 
 6.70866240e-04 -1.51696387e+25 
 6.74199240e-04 -2.25406551e+25 
 6.77532240e-04 -3.34929916e+25 
 6.80865240e-04 -4.97665476e+25 
 6.84198240e-04 -7.39464466e+25 
 6.87531240e-04 -1.09873606e+26 
 6.90864240e-04 -1.63254733e+26 
 6.94197240e-04 -2.42568589e+26 
 6.97530240e-04 -3.60412445e+26 
 7.00863240e-04 -5.35502472e+26 
 7.04196240e-04 -7.95645695e+26 
 7.07529240e-04 -1.18215532e+27 
 7.10862240e-04 -1.75641038e+27 
 7.14195240e-04 -2.60960114e+27 
 7.17528240e-04 -3.87720712e+27 
 7.20861240e-04 -5.76050617e+27 
 7.24194240e-04 -8.55852873e+27 
 7.27527240e-04 -1.27155294e+28 
 7.30860240e-04 -1.88915109e+28 
 7.34193240e-04 -2.80669937e+28 
 7.37526240e-04 -4.16986601e+28 
 7.40859240e-04 -6.19505755e+28 
 7.44192240e-04 -9.20376827e+28 
 7.47525240e-04 -1.36736082e+29 
 7.50858240e-04 -2.03141079e+29 
 7.54191240e-04 -3.01793294e+29 
 7.57524240e-04 -4.48351536e+29 
 7.60857240e-04 -6.66077902e+29 
 7.64190240e-04 -9.89529426e+29 
 7.67523240e-04 -1.47004207e+30 
 7.70856240e-04 -2.18387720e+30 
 7.74189240e-04 -3.24432311e+30 
 7.77522240e-04 -4.81967175e+30 
 7.80855240e-04 -7.15992264e+30 
 7.84188240e-04 -1.06364510e+31 
 7.87521240e-04 -1.58009332e+31 
 7.90854240e-04 -2.34728780e+31 
 7.94187240e-04 -3.48696505e+31 
 7.97520240e-04 -5.17996144e+31 
 8.00853240e-04 -7.69490342e+31 
 8.04186240e-04 -1.14308247e+32 
 8.07519240e-04 -1.69804711e+32 
 8.10852240e-04 -2.52243343e+32 
 8.14185240e-04 -3.74703311e+32 
 8.17518240e-04 -5.56612838e+32 
 8.20851240e-04 -8.26831107e+32 
 8.24184240e-04 -1.22822611e+33 
 8.27517240e-04 -1.82447453e+33 
 8.30850240e-04 -2.71016212e+33 
 8.34183240e-04 -4.02578663e+33 
 8.37516240e-04 -5.98004263e+33 
 8.40849240e-04 -8.88292263e+33 
 8.44182240e-04 -1.31948841e+34 
 8.47515240e-04 -1.95998796e+34 
 8.50848240e-04 -2.91138326e+34 
 8.54181240e-04 -4.32457603e+34 
 8.57514240e-04 -6.42370957e+34 
 8.60847240e-04 -9.54171603e+34 
 8.64180240e-04 -1.41731157e+35 
 8.67513240e-04 -2.10524409e+35 
 8.70846240e-04 -3.12707202e+35 
 8.74179240e-04 -4.64484942e+35 
 8.77512240e-04 -6.89927959e+35 
 8.80845240e-04 -1.02478846e+36 
 8.84178240e-04 -1.52216981e+36 
 8.87511240e-04 -2.26094710e+36 
 8.90844240e-04 -3.35827411e+36 
 8.94177240e-04 -4.98815965e+36 
 8.97510240e-04 -7.40905868e+36 
 9.00843240e-04 -1.10048526e+37 
 9.04176240e-04 -1.63457163e+37 
 9.07509240e-04 -2.42785212e+37 
 9.10842240e-04 -3.60611085e+37 
 9.14175240e-04 -5.35617189e+37 
 9.17508240e-04 -7.95551956e+37 
 9.20841240e-04 -1.18162921e+38 
 9.24174240e-04 -1.75506231e+38 
 9.27507240e-04 -2.60676887e+38 
 9.30840240e-04 -3.87178471e+38 
 9.34173240e-04 -5.75067176e+38 
 9.37506240e-04 -8.54131386e+38 
 9.40839240e-04 -1.26861407e+39 
 9.44172240e-04 -1.88422658e+39 
 9.47505240e-04 -2.79856568e+39 
 9.50838240e-04 -4.15658510e+39 
 9.54171240e-04 -6.17357401e+39 
 9.57504240e-04 -9.16928496e+39 
 9.60837240e-04 -1.36186207e+40 
 9.64170240e-04 -2.02269145e+40 
 9.67503240e-04 -3.00417364e+40 
 9.70836240e-04 -4.46189469e+40 
 9.74169240e-04 -6.62693191e+40 
 9.77502240e-04 -9.84248189e+40 
 9.80835240e-04 -1.46182599e+41 
 9.84168240e-04 -2.17112930e+41 
 9.87501240e-04 -3.22459121e+41 
 9.90834240e-04 -4.78919617e+41 
 9.94167240e-04 -7.11294720e+41 
 9.97500240e-04 -1.05641742e+42 
 1.00083324e-03 -1.56899136e+42 
 1.00416624e-03 -2.33026111e+42 
 1.00749924e-03 -3.46088904e+42 
 1.01083224e-03 -5.14007945e+42 
 1.01416524e-03 -7.63398087e+42 
 1.01749824e-03 -1.13378680e+43 
 1.02083124e-03 -1.68387880e+43 
 1.02416424e-03 -2.50086002e+43 
 1.02749724e-03 -3.71421524e+43 
 1.03083024e-03 -5.51624942e+43 
 1.03416324e-03 -8.19256467e+43 
 1.03749624e-03 -1.21673228e+44 
 1.04082924e-03 -1.80704663e+44 
 1.04416224e-03 -2.68375508e+44 
 1.04749524e-03 -3.98580092e+44 
 1.05082824e-03 -5.91953429e+44 
 1.05416124e-03 -8.79141342e+44 
 1.05749424e-03 -1.30565700e+45 
 1.06082724e-03 -1.93909349e+45 
 1.06416024e-03 -2.87983531e+45 
 1.06749324e-03 -4.27696626e+45 
 1.07082624e-03 -6.35189448e+45 
 1.07415924e-03 -9.43343832e+45 
 1.07749224e-03 -1.40099328e+46 
 1.08082524e-03 -2.08066136e+46 
 1.08415824e-03 -3.09005400e+46 
 1.08749124e-03 -4.58912687e+46 
 1.09082424e-03 -6.81543216e+46 
 1.09415724e-03 -1.01217611e+47 
 1.09749024e-03 -1.50320469e+47 
 1.10082324e-03 -2.23243862e+47 
 1.10415624e-03 -3.31543340e+47 
 1.10748924e-03 -4.92380079e+47 
 1.11082224e-03 -7.31240156e+47 
 1.11415524e-03 -1.08597291e+48 
 1.11748824e-03 -1.61278830e+48 
 1.12082124e-03 -2.39516344e+48 
 1.12415424e-03 -3.55706968e+48 
 1.12748724e-03 -5.28261579e+48 
 1.13082024e-03 -7.84521991e+48 
 1.13415324e-03 -1.16509321e+49 
 1.13748624e-03 -1.73027717e+49 
 1.14081924e-03 -2.56962739e+49 
 1.14415224e-03 -3.81613827e+49 
 1.14748524e-03 -5.66731738e+49 
 1.15081824e-03 -8.41647925e+49 
 1.15415124e-03 -1.24992190e+50 
 1.15748424e-03 -1.85624288e+50 
 1.16081724e-03 -2.75667925e+50 
 1.16415024e-03 -4.09389964e+50 
 1.16748324e-03 -6.07977730e+50 
 1.17081624e-03 -9.02895908e+50 
 1.17414924e-03 -1.34087174e+51 
 1.17748224e-03 -1.99129835e+51 
 1.18081524e-03 -2.95722920e+51 
 1.18414824e-03 -4.39170536e+51 
 1.18748124e-03 -6.52200264e+51 
 1.19081424e-03 -9.68563987e+51 
 1.19414724e-03 -1.43838532e+52 
 1.19748024e-03 -2.13610084e+52 
 1.20081324e-03 -3.17225324e+52 
 1.20414624e-03 -4.71100477e+52 
 1.20747924e-03 -6.99614562e+52 
 1.21081224e-03 -1.03897176e+53 
 1.21414524e-03 -1.54293724e+53 
 1.21747824e-03 -2.29135510e+53 
 1.22081124e-03 -3.40279793e+53 
 1.22414424e-03 -5.05335201e+53 
 1.22747724e-03 -7.50451411e+53 
 1.23081024e-03 -1.11446195e+54 
 1.23414324e-03 -1.65503644e+54 
 1.23747624e-03 -2.45781689e+54 
 1.24080924e-03 -3.64998555e+54 
 1.24414224e-03 -5.42041361e+54 
 1.24747524e-03 -8.04958286e+54 
 1.25080824e-03 -1.19540205e+55 
 1.25414124e-03 -1.77522862e+55 
 1.25747424e-03 -2.63629658e+55 
 1.26080724e-03 -3.91501948e+55 
 1.26414024e-03 -5.81397660e+55 
 1.26747324e-03 -8.63400558e+55 
 1.27080624e-03 -1.28218612e+56 
 1.27413924e-03 -1.90409897e+56 
 1.27747224e-03 -2.82766317e+56 
 1.28080524e-03 -4.19919017e+56 
 1.28413824e-03 -6.23595724e+56 
 1.28747124e-03 -9.26062789e+56 
 1.29080424e-03 -1.37523673e+57 
 1.29413724e-03 -2.04227501e+57 
 1.29747024e-03 -3.03284848e+57 
 1.30080324e-03 -4.50388136e+57 
 1.30413624e-03 -6.68841036e+57 
 1.30746924e-03 -9.93250115e+57 
 1.31080224e-03 -1.47500701e+58 
 1.31413524e-03 -2.19042959e+58 
 1.31746824e-03 -3.25285173e+58 
 1.32080124e-03 -4.83057685e+58 
 1.32413424e-03 -7.17353937e+58 
 1.32746724e-03 -1.06528974e+59 
 1.33080024e-03 -1.58198285e+59 
 1.33413324e-03 -2.34928427e+59 
 1.33746624e-03 -3.48874436e+59 
 1.34079924e-03 -5.18086773e+59 
 1.34413224e-03 -7.69370703e+59 
 1.34746524e-03 -1.14253252e+60 
 1.35079824e-03 -1.69668526e+60 
 1.35413124e-03 -2.51961274e+60 
 1.35746424e-03 -3.74167533e+60 
 1.36079724e-03 -5.55646016e+60 
 1.36413024e-03 -8.25144692e+60 
 1.36746324e-03 -1.22535470e+61 
 1.37079624e-03 -1.81967295e+61 
 1.37412924e-03 -2.70224467e+61 
 1.37746224e-03 -4.01287666e+61 
 1.38079524e-03 -5.95918366e+61 
 1.38412824e-03 -8.84947586e+61 
 1.38746124e-03 -1.31415971e+62 
 1.39079424e-03 -1.95154502e+62 
 1.39412724e-03 -2.89806969e+62 
 1.39746024e-03 -4.30366945e+62 
 1.40079324e-03 -6.39100005e+62 
 1.40412624e-03 -9.49070709e+62 
 1.40745924e-03 -1.40938017e+63 
 1.41079224e-03 -2.09294387e+63 
 1.41412524e-03 -3.10804180e+63 
 1.41745824e-03 -4.61547033e+63 
 1.42079124e-03 -6.85401300e+63 
 1.42412424e-03 -1.01782645e+64 
 1.42745724e-03 -1.51147996e+64 
 1.43079024e-03 -2.24455840e+64 
 1.43412324e-03 -3.33318394e+64 
 1.43745624e-03 -4.94979839e+64 
 1.44078924e-03 -7.35047830e+64 
 1.44412224e-03 -1.09154979e+65 
 1.44745524e-03 -1.62095653e+65 
 1.45078824e-03 -2.40712727e+65 
 1.45412124e-03 -3.57459304e+65 
 1.45745424e-03 -5.30828253e+65 
 1.46078724e-03 -7.88281485e+65 
 1.46412024e-03 -1.17059994e+66 
 1.46745324e-03 -1.73834329e+66 
 1.47078624e-03 -2.58144259e+66 
 1.47411924e-03 -3.83344536e+66 
 1.47745224e-03 -5.69266945e+66 
 1.48078524e-03 -8.45361646e+66 
 1.48411824e-03 -1.25536206e+67 
 1.48745124e-03 -1.86421220e+67 
 1.49078424e-03 -2.76835373e+67 
 1.49411724e-03 -4.11100219e+67 
 1.49745024e-03 -6.10483216e+67 
 1.50078324e-03 -9.06566449e+67 
 1.50411624e-03 -1.34624918e+68 
 1.50744924e-03 -1.99917660e+68 
 1.51078224e-03 -2.96877147e+68 
 1.51411524e-03 -4.40861603e+68 
 1.51744824e-03 -6.54677908e+68 
 1.52078124e-03 -9.72194143e+68 
 1.52411424e-03 -1.44370420e+69 
 1.52744724e-03 -2.14389419e+69 
 1.53078024e-03 -3.18367247e+69 
 1.53411324e-03 -4.72773718e+69 
 1.53744624e-03 -7.02066389e+69 
 1.54077924e-03 -1.04256454e+70 
 1.54411224e-03 -1.54820203e+70 
 1.54744524e-03 -2.29907019e+70 
 1.55077824e-03 -3.41410398e+70 
 1.55411124e-03 -5.06992081e+70 
 1.55744424e-03 -7.52879596e+70 
 1.56077724e-03 -1.11802058e+71 
 1.56411024e-03 -1.66025193e+71 
 1.56744324e-03 -2.46546084e+71 
 1.57077624e-03 -3.66118901e+71 
 1.57410924e-03 -5.43683453e+71 
 1.57744224e-03 -8.07365167e+71 
 1.58077524e-03 -1.19893000e+72 
 1.58410824e-03 -1.78039997e+72 
 1.58744124e-03 -2.64387706e+72 
 1.59077424e-03 -3.92613173e+72 
 1.59410724e-03 -5.83026654e+72 
 1.59744024e-03 -8.65788645e+72 
 1.60077324e-03 -1.28568713e+73 
 1.60410624e-03 -1.90923172e+73 
 1.60743924e-03 -2.83518840e+73 
 1.61077224e-03 -4.21022343e+73 
 1.61410524e-03 -6.25213434e+73 
 1.61743824e-03 -9.28434775e+73 
 1.62077124e-03 -1.37871480e+74 
 1.62410424e-03 -2.04737510e+74 
 1.62743724e-03 -3.04032729e+74 
 1.63077024e-03 -4.51484872e+74 
 1.63410324e-03 -6.70449408e+74 
 1.63743624e-03 -9.95608890e+74 
 1.64076924e-03 -1.47846642e+75 
 1.64410224e-03 -2.19550339e+75 
 1.64743524e-03 -3.26029357e+75 
 1.65076824e-03 -4.84149236e+75 
 1.65410124e-03 -7.18955058e+75 
 1.65743424e-03 -1.06763840e+76 
 1.66076724e-03 -1.58542820e+76 
 1.66410024e-03 -2.35433861e+76 
 1.66743324e-03 -3.49615939e+76 
 1.67076624e-03 -5.19174646e+76 
 1.67409924e-03 -7.70966808e+76 
 1.67743224e-03 -1.14487439e+77 
 1.68076524e-03 -1.70012149e+77 
 1.68409824e-03 -2.52465495e+77 
 1.68743124e-03 -3.74907441e+77 
 1.69076424e-03 -5.56731824e+77 
 1.69409724e-03 -8.26738178e+77 
 1.69743024e-03 -1.22769334e+78 
 1.70076324e-03 -1.82310534e+78 
 1.70409624e-03 -2.70728258e+78 
 1.70742924e-03 -4.02027143e+78 
 1.71076224e-03 -5.97003839e+78 
 1.71409524e-03 -8.86541020e+78 
 1.71742824e-03 -1.31649893e+79 
 1.72076124e-03 -1.95497922e+79 
 1.72409424e-03 -2.90311172e+79 
 1.72742724e-03 -4.31107239e+79 
 1.73076024e-03 -6.40186995e+79 
 1.73409324e-03 -9.50666840e+79 
 1.73742624e-03 -1.41172404e+80 
 1.74075924e-03 -2.09638596e+80 
 1.74409224e-03 -3.11309693e+80 
 1.74742524e-03 -4.62289480e+80 
 1.75075824e-03 -6.86491790e+80 
 1.75409124e-03 -1.01942823e+81 
 1.75742424e-03 -1.51383287e+81 
 1.76075724e-03 -2.24801485e+81 
 1.76409024e-03 -3.33826181e+81 
 1.76742324e-03 -4.95725869e+81 
 1.77075624e-03 -7.36143944e+81 
 1.77408924e-03 -1.09316036e+82 
 1.77742224e-03 -1.62332315e+82 
 1.78075524e-03 -2.41060504e+82 
 1.78408824e-03 -3.57970397e+82 
 1.78742124e-03 -5.31579398e+82 
 1.79075424e-03 -7.89385495e+82 
 1.79408724e-03 -1.17222268e+83 
 1.79742024e-03 -1.74072862e+83 
 1.80075324e-03 -2.58494912e+83 
 1.80408624e-03 -3.83860039e+83 
 1.80741924e-03 -5.70024844e+83 
 1.81075224e-03 -8.46475987e+83 
 1.81408524e-03 -1.25700058e+84 
 1.81741824e-03 -1.86662162e+84 
 1.82075124e-03 -2.77189697e+84 
 1.82408424e-03 -4.11621314e+84 
 1.82741724e-03 -6.11249623e+84 
 1.83075024e-03 -9.07693725e+84 
 1.83408324e-03 -1.34790735e+85 
 1.83741624e-03 -2.00161585e+85 
 1.84074924e-03 -2.97235995e+85 
 1.84408224e-03 -4.41389555e+85 
 1.84741524e-03 -6.55454702e+85 
 1.85074824e-03 -9.73337142e+85 
 1.85408124e-03 -1.44538616e+86 
 1.85741424e-03 -2.14636940e+86 
 1.86074724e-03 -3.18731530e+86 
 1.86408024e-03 -4.73309880e+86 
 1.86741324e-03 -7.02855578e+86 
 1.87074624e-03 -1.04372625e+87 
 1.87407924e-03 -1.54991220e+87 
 1.87741224e-03 -2.30158795e+87 
 1.88074524e-03 -3.41781094e+87 
 1.88407824e-03 -5.07537903e+87 
 1.88741124e-03 -7.53683332e+87 
 1.89074424e-03 -1.11920419e+88 
 1.89407724e-03 -1.66199505e+88 
 1.89741024e-03 -2.46802818e+88 
 1.90074324e-03 -3.66497052e+88 
 1.90407624e-03 -5.44240485e+88 
 1.90740924e-03 -8.08185752e+88 
 1.91074224e-03 -1.20013892e+89 
 1.91407524e-03 -1.78218113e+89 
 1.91740824e-03 -2.64650151e+89 
 1.92074124e-03 -3.92999899e+89 
 1.92407424e-03 -5.83596555e+89 
 1.92740724e-03 -8.66628543e+89 
 1.93074024e-03 -1.28692502e+90 
 1.93407324e-03 -1.91105634e+90 
 1.93740624e-03 -2.83787802e+90 
 1.94073924e-03 -4.21418839e+90 
 1.94407224e-03 -6.25797981e+90 
 1.94740524e-03 -9.29296621e+90 
 1.95073824e-03 -1.37998558e+91 
 1.95407124e-03 -2.04924898e+91 
 1.95740424e-03 -3.04309070e+91 
 1.96073724e-03 -4.51892419e+91 
 1.96407024e-03 -6.71050501e+91 
 1.96740324e-03 -9.96495506e+91 
 1.97073624e-03 -1.47977428e+92 
 1.97406924e-03 -2.19743276e+92 
 1.97740224e-03 -3.26314000e+92 
 1.98073524e-03 -4.84569204e+92 
 1.98406824e-03 -7.19574731e+92 
 1.98740124e-03 -1.06855281e+93 
 1.99073424e-03 -1.58677762e+93 
 1.99406724e-03 -2.35633012e+93 
 1.99740024e-03 -3.49909872e+93 
 2.00073324e-03 -5.19608501e+93 
 2.00406624e-03 -7.71607238e+93 
 2.00739924e-03 -1.14581982e+94 
 2.01073224e-03 -1.70151726e+94 
 2.01406524e-03 -2.52671572e+94 
 2.01739824e-03 -3.75211722e+94 
 2.02073124e-03 -5.57181137e+94 
 2.02406424e-03 -8.27401695e+94 
 2.02739724e-03 -1.22867324e+95 
 2.03073024e-03 -1.82455260e+95 
 2.03406324e-03 -2.70942023e+95 
 2.03739624e-03 -4.02342903e+95 
 2.04072924e-03 -5.97470289e+95 
 2.04406224e-03 -8.87230118e+95 
 2.04739524e-03 -1.31751702e+96 
 2.05072824e-03 -1.95648347e+96 
 2.05406124e-03 -2.90533441e+96 
 2.05739424e-03 -4.31435689e+96 
 2.06072724e-03 -6.40672380e+96 
 2.06406024e-03 -9.51384189e+96 
 2.06739324e-03 -1.41278428e+97 
 2.07072624e-03 -2.09795308e+97 
 2.07405924e-03 -3.11541340e+97 
 2.07739224e-03 -4.62631917e+97 
 2.08072524e-03 -6.86998035e+97 
 2.08405824e-03 -1.02017668e+98 
 2.08739124e-03 -1.51493949e+98 
 2.09072424e-03 -2.24965114e+98 
 2.09405724e-03 -3.34068141e+98 
 2.09739024e-03 -4.96083681e+98 
 2.10072324e-03 -7.36673108e+98 
 2.10405624e-03 -1.09394299e+99 
 2.10738924e-03 -1.62448070e+99 
 2.11072224e-03 -2.41231724e+99 
 2.11405524e-03 -3.58223671e+99 
 2.11738824e-03 -5.31954070e+99 
 2.12072124e-03 -7.89939786e+99 
 2.12405424e-03 -1.17304274e+100 
 2.12738724e-03 -1.74194196e+100 
 2.13072024e-03 -2.58674443e+100 
 2.13405324e-03 -3.84125697e+100 
 2.13738624e-03 -5.70417967e+100 
 2.14071924e-03 -8.47057765e+100 
 2.14405224e-03 -1.25786159e+101 
 2.14738524e-03 -1.86789596e+101 
 2.15071824e-03 -2.77378314e+101 
 2.15405124e-03 -4.11900504e+101 
 2.15738424e-03 -6.11662900e+101 
 2.16071724e-03 -9.08305520e+101 
 2.16405024e-03 -1.34881307e+102 
 2.16738324e-03 -2.00295675e+102 
 2.17071624e-03 -2.97434525e+102 
 2.17404924e-03 -4.41683505e+102 
 2.17738224e-03 -6.55889957e+102 
 2.18071524e-03 -9.73981659e+102 
 2.18404824e-03 -1.44634059e+103 
 2.18738124e-03 -2.14778284e+103 
 2.19071424e-03 -3.18940858e+103 
 2.19404724e-03 -4.73619906e+103 
 2.19738024e-03 -7.03314764e+103 
 2.20071324e-03 -1.04440639e+104 
 2.20404624e-03 -1.55091966e+104 
 2.20737924e-03 -2.30308030e+104 
 2.21071224e-03 -3.42002169e+104 
 2.21404524e-03 -5.07865412e+104 
 2.21737824e-03 -7.54168539e+104 
 2.22071124e-03 -1.11992305e+105 
 2.22404424e-03 -1.66306014e+105 
 2.22737724e-03 -2.46960630e+105 
 2.23071024e-03 -3.66730890e+105 
 2.23404324e-03 -5.44586986e+105 
 2.23737624e-03 -8.08699218e+105 
 2.24070924e-03 -1.20089984e+106 
 2.24404224e-03 -1.78330878e+106 
 2.24737524e-03 -2.64817272e+106 
 2.25070824e-03 -3.93247587e+106 
 2.25404124e-03 -5.83963663e+106 
 2.25737424e-03 -8.67172667e+106 
 2.26070724e-03 -1.28773155e+107 
 2.26404024e-03 -1.91225185e+107 
 2.26737324e-03 -2.83965017e+107 
 2.27070624e-03 -4.21681543e+107 
 2.27403924e-03 -6.26187425e+107 
 2.27737224e-03 -9.29873971e+107 
 2.28070524e-03 -1.38084152e+108 
 2.28403824e-03 -2.05051800e+108 
 2.28737124e-03 -3.04497220e+108 
 2.29070424e-03 -4.52171386e+108 
 2.29403724e-03 -6.71464134e+108 
 2.29737024e-03 -9.97108831e+108 
 2.30070324e-03 -1.48068373e+109 
 2.30403624e-03 -2.19878136e+109 
 2.30736924e-03 -3.26513984e+109 
 2.31070224e-03 -4.84865771e+109 
 2.31403524e-03 -7.20014537e+109 
 2.31736824e-03 -1.06920505e+110 
 2.32070124e-03 -1.58774495e+110 
 2.32403424e-03 -2.35776478e+110 
 2.32736724e-03 -3.50122655e+110 
 2.33070024e-03 -5.19924099e+110 
 2.33403324e-03 -7.72075343e+110 
 2.33736624e-03 -1.14651414e+111 
 2.34069924e-03 -1.70254716e+111 
 2.34403224e-03 -2.52824341e+111 
 2.34736524e-03 -3.75438336e+111 
 2.35069824e-03 -5.57517300e+111 
 2.35403124e-03 -8.27900376e+111 
 2.35736424e-03 -1.22941303e+112 
 2.36069724e-03 -1.82565008e+112 
 2.36403024e-03 -2.71104840e+112 
 2.36736324e-03 -4.02584455e+112 
 2.37069624e-03 -5.97828659e+112 
 2.37402924e-03 -8.87761813e+112 
 2.37736224e-03 -1.31830588e+113 
 2.38069524e-03 -1.95765391e+113 
 2.38402824e-03 -2.90707104e+113 
 2.38736124e-03 -4.31693364e+113 
 2.39069424e-03 -6.41054717e+113 
 2.39402724e-03 -9.51951511e+113 
 2.39736024e-03 -1.41362610e+114 
 2.40069324e-03 -2.09920224e+114 
 2.40402624e-03 -3.11726704e+114 
 2.40735924e-03 -4.62906985e+114 
 2.41069224e-03 -6.87406225e+114 
 2.41402524e-03 -1.02078243e+115 
 2.41735824e-03 -1.51583843e+115 
 2.42069124e-03 -2.25098519e+115 
 2.42402424e-03 -3.34266123e+115 
 2.42735724e-03 -4.96377503e+115 
 2.43069024e-03 -7.37109172e+115 
 2.43402324e-03 -1.09459016e+116 
 2.43735624e-03 -1.62544121e+116 
 2.44068924e-03 -2.41374280e+116 
 2.44402224e-03 -3.58435252e+116 
 2.44735524e-03 -5.32268103e+116 
 2.45068824e-03 -7.90405887e+116 
 2.45402124e-03 -1.17373456e+117 
 2.45735424e-03 -1.74296881e+117 
 2.46068724e-03 -2.58826859e+117 
 2.46402024e-03 -3.84351930e+117 
 2.46735324e-03 -5.70753773e+117 
 2.47068624e-03 -8.47556222e+117 
 2.47401924e-03 -1.25860149e+118 
 2.47735224e-03 -1.86899426e+118 
 2.48068524e-03 -2.77541347e+118 
 2.48401824e-03 -4.12142515e+118 
 2.48735124e-03 -6.12022154e+118 
 2.49068424e-03 -9.08838818e+118 
 2.49401724e-03 -1.34960474e+119 
 2.49735024e-03 -2.00413199e+119 
 2.50068324e-03 -2.97608989e+119 
 2.50401624e-03 -4.41942503e+119 
 2.50734924e-03 -6.56274450e+119 
 2.51068224e-03 -9.74552462e+119 
 2.51401524e-03 -1.44718799e+120 
 2.51734824e-03 -2.14904087e+120 
 2.52068124e-03 -3.19127626e+120 
 2.52401424e-03 -4.73897185e+120 
 2.52734724e-03 -7.03726419e+120 
 2.53068024e-03 -1.04501755e+121 
 2.53401324e-03 -1.55182702e+121 
 2.53734624e-03 -2.30442743e+121 
 2.54067924e-03 -3.42202174e+121 
 2.54401224e-03 -5.08162359e+121 
 2.54734524e-03 -7.54609416e+121 
 2.55067824e-03 -1.12057763e+122 
 2.55401124e-03 -1.66403201e+122 
 2.55734424e-03 -2.47104927e+122 
 2.56067724e-03 -3.66945134e+122 
 2.56401024e-03 -5.44905087e+122 
 2.56734324e-03 -8.09171524e+122 
 2.57067624e-03 -1.20160111e+123 
 2.57400924e-03 -1.78435002e+123 
 2.57734224e-03 -2.64971875e+123 
 2.58067524e-03 -3.93477143e+123 
 2.58400824e-03 -5.84304511e+123 
 2.58734124e-03 -8.67678767e+123 
 2.59067424e-03 -1.28848302e+124 
 2.59400724e-03 -1.91336767e+124 
 2.59734024e-03 -2.84130701e+124 
 2.60067324e-03 -4.21927560e+124 
 2.60400624e-03 -6.26552728e+124 
 2.60733924e-03 -9.30416400e+124 
 2.61067224e-03 -1.38164697e+125 
 2.61400524e-03 -2.05171400e+125 
 2.61733824e-03 -3.04674813e+125 
 2.62067124e-03 -4.52435096e+125 
 2.62400424e-03 -6.71855721e+125 
 2.62733724e-03 -9.97690308e+125 
 2.63067024e-03 -1.48154718e+126 
 2.63400324e-03 -2.20006352e+126 
 2.63733624e-03 -3.26704378e+126 
 2.64066924e-03 -4.85148496e+126 
 2.64400224e-03 -7.20434370e+126 
 2.64733524e-03 -1.06982849e+127 
 2.65066824e-03 -1.58867073e+127 
 2.65400124e-03 -2.35913954e+127 
 2.65733424e-03 -3.50326802e+127 
 2.66066724e-03 -5.20227254e+127 
 2.66400024e-03 -7.72525524e+127 
 2.66733324e-03 -1.14718266e+128 
 2.67066624e-03 -1.70353990e+128 
 2.67399924e-03 -2.52971763e+128 
 2.67733224e-03 -3.75657259e+128 
 2.68066524e-03 -5.57842403e+128 
 2.68399824e-03 -8.28383158e+128 
 2.68733124e-03 -1.23012997e+129 
 2.69066424e-03 -1.82671476e+129 
 2.69399724e-03 -2.71262947e+129 
 2.69733024e-03 -4.02819249e+129 
 2.70066324e-03 -5.98177336e+129 
 2.70399624e-03 -8.88279612e+129 
 2.70732924e-03 -1.31907483e+130 
 2.71066224e-03 -1.95879584e+130 
 2.71399524e-03 -2.90876687e+130 
 2.71732824e-03 -4.31945203e+130 
 2.72066124e-03 -6.41428712e+130 
 2.72399424e-03 -9.52506916e+130 
 2.72732724e-03 -1.41445091e+131 
 2.73066024e-03 -2.10042714e+131 
 2.73399324e-03 -3.11908610e+131 
 2.73732624e-03 -4.63177128e+131 
 2.74065924e-03 -6.87807406e+131 
 2.74399224e-03 -1.02137822e+132 
 2.74732524e-03 -1.51672322e+132 
 2.75065824e-03 -2.25229918e+132 
 2.75399124e-03 -3.34461260e+132 
 2.75732424e-03 -4.96667298e+132 
 2.76065724e-03 -7.37539543e+132 
 2.76399024e-03 -1.09522930e+133 
 2.76732324e-03 -1.62639039e+133 
 2.77065624e-03 -2.41515242e+133 
 2.77398924e-03 -3.58644595e+133 
 2.77732224e-03 -5.32578997e+133 
 2.78065524e-03 -7.90867596e+133 
 2.78398824e-03 -1.17442024e+134 
 2.78732124e-03 -1.74398712e+134 
 2.79065424e-03 -2.58978089e+134 
 2.79398724e-03 -3.84576523e+134 
 2.79732024e-03 -5.71087317e+134 
 2.80065324e-03 -8.48051571e+134 
 2.80398624e-03 -1.25933714e+135 
 2.80731924e-03 -1.87008678e+135 
 2.81065224e-03 -2.77703598e+135 
 2.81398524e-03 -4.12383477e+135 
 2.81731824e-03 -6.12380009e+135 
 2.82065124e-03 -9.09370275e+135 
 2.82398424e-03 -1.35039401e+136 
 2.82731724e-03 -2.00530415e+136 
 2.83065024e-03 -2.97783070e+136 
 2.83398324e-03 -4.42201033e+136 
 2.83731624e-03 -6.56658399e+136 
 2.84064924e-03 -9.75122673e+136 
 2.84398224e-03 -1.44803482e+137 
 2.84731524e-03 -2.15029852e+137 
 2.85064824e-03 -3.19314403e+137 
 2.85398124e-03 -4.74174571e+137 
 2.85731424e-03 -7.04138372e+137 
 2.86064724e-03 -1.04562935e+138 
 2.86398024e-03 -1.55273562e+138 
 2.86731324e-03 -2.30577682e+138 
 2.87064624e-03 -3.42402575e+138 
 2.87397924e-03 -5.08459979e+138 
 2.87731224e-03 -7.55051419e+138 
 2.88064524e-03 -1.12123406e+139 
 2.88397824e-03 -1.66500689e+139 
 2.88731124e-03 -2.47249709e+139 
 2.89064424e-03 -3.67160155e+139 
 2.89397724e-03 -5.45224420e+139 
 2.89731024e-03 -8.09645774e+139 
 2.90064324e-03 -1.20230543e+140 
 2.90397624e-03 -1.78539603e+140 
 2.90730924e-03 -2.65127221e+140 
 2.91064224e-03 -3.93707851e+140 
 2.91397524e-03 -5.84647142e+140 
 2.91730824e-03 -8.68187617e+140 
 2.92064124e-03 -1.28923873e+141 
 2.92397424e-03 -1.91448999e+141 
 2.92730724e-03 -2.84297380e+141 
 2.93064024e-03 -4.22175099e+141 
 2.93397324e-03 -6.26920356e+141 
 2.93730624e-03 -9.30962374e+141 
 2.94063924e-03 -1.38245781e+142 
 2.94397224e-03 -2.05291820e+142 
 2.94730524e-03 -3.04853652e+142 
 2.95063824e-03 -4.52700695e+142 
 2.95397124e-03 -6.72250168e+142 
 2.95730424e-03 -9.98276111e+142 
 2.96063724e-03 -1.48241717e+143 
 2.96397024e-03 -2.20135557e+143 
 2.96730324e-03 -3.26896263e+143 
 2.97063624e-03 -4.85433468e+143 
 2.97396924e-03 -7.20857589e+143 
 2.97730224e-03 -1.07045702e+144 
 2.98063524e-03 -1.58960418e+144 
 2.98396824e-03 -2.36052582e+144 
 2.98730124e-03 -3.50532682e+144 
 2.99063424e-03 -5.20533011e+144 
 2.99396724e-03 -7.72979610e+144 
 2.99730024e-03 -1.14785703e+145 
 3.00063324e-03 -1.70454143e+145 
 3.00396624e-03 -2.53120501e+145 
 3.00729924e-03 -3.75878152e+145 
 3.01063224e-03 -5.58170456e+145 
 3.01396524e-03 -8.28870356e+145 
 3.01729824e-03 -1.23085351e+146 
 3.02063124e-03 -1.82778931e+146 
 3.02396424e-03 -2.71422530e+146 
 3.02729724e-03 -4.03056248e+146 
 3.03063024e-03 -5.98529307e+146 
 3.03396324e-03 -8.88802328e+146 
 3.03729624e-03 -1.31985113e+147 
 3.04062924e-03 -1.95994873e+147 
 3.04396224e-03 -2.91047903e+147 
 3.04729524e-03 -4.32199478e+147 
 3.05062824e-03 -6.41806339e+147 
 3.05396124e-03 -9.53067732e+147 
 3.05729424e-03 -1.41528378e+148 
 3.06062724e-03 -2.10166405e+148 
 3.06396024e-03 -3.12092304e+148 
 3.06729324e-03 -4.63449934e+148 
 3.07062624e-03 -6.88212552e+148 
 3.07395924e-03 -1.02197990e+149 
 3.07729224e-03 -1.51761678e+149 
 3.08062524e-03 -2.25362621e+149 
 3.08395824e-03 -3.34658339e+149 
 3.08729124e-03 -4.96959980e+149 
 3.09062424e-03 -7.37974206e+149 
 3.09395724e-03 -1.09587482e+150 
 3.09729024e-03 -1.62734905e+150 
 3.10062324e-03 -2.41657613e+150 
 3.10395624e-03 -3.58856030e+150 
 3.10728924e-03 -5.32892999e+150 
 3.11062224e-03 -7.91333919e+150 
 3.11395524e-03 -1.17511278e+151 
 3.11728824e-03 -1.74501561e+151 
 3.12062124e-03 -2.59130828e+151 
 3.12395424e-03 -3.84803355e+151 
 3.12728724e-03 -5.71424185e+151 
 3.13062024e-03 -8.48551851e+151 
 3.13395324e-03 -1.26008010e+152 
 3.13728624e-03 -1.87119014e+152 
 3.14061924e-03 -2.77867459e+152 
 3.14395224e-03 -4.12626824e+152 
 3.14728524e-03 -6.12741401e+152 
 3.15061824e-03 -9.09906974e+152 
 3.15395124e-03 -1.35119106e+153 
 3.15728424e-03 -2.00648784e+153 
 3.16061724e-03 -2.97958857e+153 
 3.16395024e-03 -4.42462093e+153 
 3.16728324e-03 -6.57046094e+153 
 3.17061624e-03 -9.75698433e+153 
 3.17394924e-03 -1.44888987e+154 
 3.17728224e-03 -2.15156835e+154 
 3.18061524e-03 -3.19502982e+154 
 3.18394824e-03 -4.74454626e+154 
 3.18728124e-03 -7.04554277e+154 
 3.19061424e-03 -1.04624700e+155 
 3.19394724e-03 -1.55365288e+155 
 3.19728024e-03 -2.30713903e+155 
 3.20061324e-03 -3.42604873e+155 
 3.20394624e-03 -5.08760407e+155 
 3.20727924e-03 -7.55497579e+155 
 3.21061224e-03 -1.12189664e+156 
 3.21394524e-03 -1.66599087e+156 
 3.21727824e-03 -2.47395838e+156 
 3.22061124e-03 -3.67377166e+156 
 3.22394424e-03 -5.45546698e+156 
 3.22727724e-03 -8.10124380e+156 
 3.23061024e-03 -1.20301619e+157 
 3.23394324e-03 -1.78645156e+157 
 3.23727624e-03 -2.65283975e+157 
 3.24060924e-03 -3.93940642e+157 
 3.24394224e-03 -5.84992852e+157 
 3.24727524e-03 -8.68701020e+157 
 3.25060824e-03 -1.29000117e+158 
 3.25394124e-03 -1.91562226e+158 
 3.25727424e-03 -2.84465529e+158 
 3.26060724e-03 -4.22424812e+158 
 3.26394024e-03 -6.27291196e+158 
 3.26727324e-03 -9.31513095e+158 
 3.27060624e-03 -1.38327567e+159 
 3.27393924e-03 -2.05413276e+159 
 3.27727224e-03 -3.05034023e+159 
 3.28060524e-03 -4.52968555e+159 
 3.28393824e-03 -6.72647957e+159 
 3.28727124e-03 -9.98866851e+159 
 3.29060424e-03 -1.48329446e+160 
 3.29393724e-03 -2.20265839e+160 
 3.29727024e-03 -3.27089739e+160 
 3.30060324e-03 -4.85720791e+160 
 3.30393624e-03 -7.21284279e+160 
 3.30726924e-03 -1.07109068e+161 
 3.31060224e-03 -1.59054519e+161 
 3.31393524e-03 -2.36192328e+161 
 3.31726824e-03 -3.50740213e+161 
 3.32060124e-03 -5.20841205e+161 
 3.32393424e-03 -7.73437293e+161 
 3.32726724e-03 -1.14853671e+162 
 3.33060024e-03 -1.70555079e+162 
 3.33393324e-03 -2.53270397e+162 
 3.33726624e-03 -3.76100755e+162 
 3.34059924e-03 -5.58501031e+162 
 3.34393224e-03 -8.29361275e+162 
 3.34726524e-03 -1.23158255e+163 
 3.35059824e-03 -1.82887196e+163 
 3.35393124e-03 -2.71583310e+163 
 3.35726424e-03 -4.03295013e+163 
 3.36059724e-03 -5.98883884e+163 
 3.36393024e-03 -8.89328890e+163 
 3.36726324e-03 -1.32063309e+164 
 3.37059624e-03 -1.96110998e+164 
 3.37392924e-03 -2.91220354e+164 
 3.37726224e-03 -4.32455575e+164 
 3.38059524e-03 -6.42186654e+164 
 3.38392824e-03 -9.53632516e+164 
 3.38726124e-03 -1.41612251e+165 
 3.39059424e-03 -2.10290959e+165 
 3.39392724e-03 -3.12277272e+165 
 3.39726024e-03 -4.63724618e+165 
 3.40059324e-03 -6.88620469e+165 
 3.40392624e-03 -1.02258567e+166 
 3.40725924e-03 -1.51851637e+166 
 3.41059224e-03 -2.25496214e+166 
 3.41392524e-03 -3.34856729e+166 
 3.41725824e-03 -4.97254596e+166 
 3.42059124e-03 -7.38411722e+166 
 3.42392424e-03 -1.09652455e+167 
 3.42725724e-03 -1.62831391e+167 
 3.43059024e-03 -2.41800898e+167 
 3.43392324e-03 -3.59068813e+167 
 3.43725624e-03 -5.33208989e+167 
 3.44058924e-03 -7.91803174e+167 
 3.44392224e-03 -1.17580964e+168 
 3.44725524e-03 -1.74605046e+168 
 3.45058824e-03 -2.59284507e+168 
 3.45392124e-03 -3.85031573e+168 
 3.45725424e-03 -5.71763096e+168 
 3.46058724e-03 -8.49055143e+168 
 3.46392024e-03 -1.26082750e+169 
 3.46725324e-03 -1.87230006e+169 
 3.47058624e-03 -2.78032284e+169 
 3.47391924e-03 -4.12871594e+169 
 3.47725224e-03 -6.13104891e+169 
 3.48058524e-03 -9.10446765e+169 
 3.48391824e-03 -1.35199266e+170 
 3.48725124e-03 -2.00767824e+170 
 3.49058424e-03 -2.98135635e+170 
 3.49391724e-03 -4.42724611e+170 
 3.49725024e-03 -6.57435940e+170 
 3.50058324e-03 -9.76277363e+170 
 3.50391624e-03 -1.44974960e+171 
 3.50724924e-03 -2.15284505e+171 
 3.51058224e-03 -3.19692576e+171 
 3.51391524e-03 -4.74736177e+171 
 3.51724824e-03 -7.04972386e+171 
 3.52058124e-03 -1.04686790e+172 
 3.52391424e-03 -1.55457493e+172 
 3.52724724e-03 -2.30850829e+172 
 3.53058024e-03 -3.42808211e+172 
 3.53391324e-03 -5.09062368e+172 
 3.53724624e-03 -7.55945995e+172 
 3.54057924e-03 -1.12256255e+173 
 3.54391224e-03 -1.66697976e+173 
 3.54724524e-03 -2.47542689e+173 
 3.55057824e-03 -3.67595242e+173 
 3.55391124e-03 -5.45870543e+173 
 3.55724424e-03 -8.10605296e+173 
 3.56057724e-03 -1.20373036e+174 
 3.56391024e-03 -1.78751211e+174 
 3.56724324e-03 -2.65441468e+174 
 3.57057624e-03 -3.94174521e+174 
 3.57390924e-03 -5.85340166e+174 
 3.57724224e-03 -8.69216786e+174 
 3.58057524e-03 -1.29076709e+175 
 3.58390824e-03 -1.91675966e+175 
 3.58724124e-03 -2.84634435e+175 
 3.59057424e-03 -4.22675639e+175 
 3.59390724e-03 -6.27663675e+175 
 3.59724024e-03 -9.32066231e+175 
 3.60057324e-03 -1.38409708e+176 
 3.60390624e-03 -2.05535257e+176 
 3.60723924e-03 -3.05215165e+176 
 3.61057224e-03 -4.53237554e+176 
 3.61390524e-03 -6.73047423e+176 
 3.61723824e-03 -9.99460061e+176 
 3.62057124e-03 -1.48417538e+177 
 3.62390424e-03 -2.20396656e+177 
 3.62723724e-03 -3.27284004e+177 
 3.63057024e-03 -4.86009276e+177 
 3.63390324e-03 -7.21712682e+177 
 3.63723624e-03 -1.07172686e+178 
 3.64056924e-03 -1.59148993e+178 
 3.64390224e-03 -2.36332622e+178 
 3.64723524e-03 -3.50948549e+178 
 3.65056824e-03 -5.21150586e+178 
 3.65390124e-03 -7.73896726e+178 
 3.65723424e-03 -1.14921897e+179 
 3.66056724e-03 -1.70656395e+179 
 3.66390024e-03 -2.53420851e+179 
 3.66723324e-03 -3.76324180e+179 
 3.67056624e-03 -5.58832819e+179 
 3.67389924e-03 -8.29853982e+179 
 3.67723224e-03 -1.23231422e+180 
 3.68056524e-03 -1.82995850e+180 
 3.68389824e-03 -2.71744660e+180 
 3.68723124e-03 -4.03534619e+180 
 3.69056424e-03 -5.99239699e+180 
 3.69389724e-03 -8.89857277e+180 
 3.69723024e-03 -1.32141775e+181 
 3.70056324e-03 -1.96227520e+181 
 3.70389624e-03 -2.91393389e+181 
 3.70722924e-03 -4.32712532e+181 
 3.71056224e-03 -6.42568234e+181 
 3.71389524e-03 -9.54199163e+181 
 3.71722824e-03 -1.41696398e+182 
 3.72056124e-03 -2.10415917e+182 
 3.72389424e-03 -3.12462835e+182 
 3.72722724e-03 -4.64000180e+182 
 3.73056024e-03 -6.89029677e+182 
 3.73389324e-03 -1.02319335e+183 
 3.73722624e-03 -1.51941877e+183 
 3.74055924e-03 -2.25630220e+183 
 3.74389224e-03 -3.35055727e+183 
 3.74722524e-03 -4.97550108e+183 
 3.75055824e-03 -7.38850556e+183 
 3.75389124e-03 -1.09717621e+184 
 3.75722424e-03 -1.62928164e+184 
 3.76055724e-03 -2.41944605e+184 
 3.76389024e-03 -3.59282217e+184 
 3.76722324e-03 -5.33525894e+184 
 3.77055624e-03 -7.92273776e+184 
 3.77388924e-03 -1.17650848e+185 
 3.77722224e-03 -1.74708824e+185 
 3.78055524e-03 -2.59438617e+185 
 3.78388824e-03 -3.85260425e+185 
 3.78722124e-03 -5.72102940e+185 
 3.79055424e-03 -8.49559810e+185 
 3.79388724e-03 -1.26157693e+186 
 3.79722024e-03 -1.87341295e+186 
 3.80055324e-03 -2.78197548e+186 
 3.80388624e-03 -4.13117011e+186 
 3.80721924e-03 -6.13469333e+186 
 3.81055224e-03 -9.10987961e+186 
 3.81388524e-03 -1.35279633e+187 
 3.81721824e-03 -2.00887168e+187 
 3.82055124e-03 -2.98312861e+187 
 3.82388424e-03 -4.42987791e+187 
 3.82721724e-03 -6.57826760e+187 
 3.83055024e-03 -9.76857728e+187 
 3.83388324e-03 -1.45061143e+188 
 3.83721624e-03 -2.15412488e+188 
 3.84054924e-03 -3.19882629e+188 
 3.84388224e-03 -4.75018404e+188 
 3.84721524e-03 -7.05391490e+188 
 3.85054824e-03 -1.04749027e+189 
 3.85388124e-03 -1.55549914e+189 
 3.85721424e-03 -2.30988073e+189 
 3.86054724e-03 -3.43012017e+189 
 3.86388024e-03 -5.09365019e+189 
 3.86721324e-03 -7.56395429e+189 
 3.87054624e-03 -1.12322995e+190 
 3.87387924e-03 -1.66797085e+190 
 3.87721224e-03 -2.47689865e+190 
 3.88054524e-03 -3.67813797e+190 
 3.88387824e-03 -5.46195095e+190 
 3.88721124e-03 -8.11087253e+190 
 3.89054424e-03 -1.20444606e+191 
 3.89387724e-03 -1.78857492e+191 
 3.89721024e-03 -2.65599294e+191 
 3.90054324e-03 -3.94408891e+191 
 3.90387624e-03 -5.85688203e+191 
 3.90720924e-03 -8.69733617e+191 
 3.91054224e-03 -1.29153458e+192 
 3.91387524e-03 -1.91789937e+192 
 3.91720824e-03 -2.84803680e+192 
 3.92054124e-03 -4.22926967e+192 
 3.92387424e-03 -6.28036895e+192 
 3.92720724e-03 -9.32620458e+192 
 3.93054024e-03 -1.38492010e+193 
 3.93387324e-03 -2.05657475e+193 
 3.93720624e-03 -3.05396657e+193 
 3.94053924e-03 -4.53507067e+193 
 3.94387224e-03 -6.73447646e+193 
 3.94720524e-03 -1.00005439e+194 
 3.95053824e-03 -1.48505795e+194 
 3.95387124e-03 -2.20527716e+194 
 3.95720424e-03 -3.27478627e+194 
 3.96053724e-03 -4.86298288e+194 
 3.96387024e-03 -7.22141861e+194 
 3.96720324e-03 -1.07236419e+195 
 3.97053624e-03 -1.59243635e+195 
 3.97386924e-03 -2.36473164e+195 
 3.97720224e-03 -3.51157252e+195 
 3.98053524e-03 -5.21460507e+195 
 3.98386824e-03 -7.74356954e+195 
 3.98720124e-03 -1.14990241e+196 
 3.99053424e-03 -1.70757884e+196 
 3.99386724e-03 -2.53571561e+196 
 3.99720024e-03 -3.76547982e+196 
 4.00053324e-03 -5.59165161e+196 
 4.00386624e-03 -8.30347506e+196 
 4.00719924e-03 -1.23304710e+197 
 4.01053224e-03 -1.83104681e+197 
 4.01386524e-03 -2.71906273e+197 
 4.01719824e-03 -4.03774611e+197 
 4.02053124e-03 -5.99596084e+197 
 4.02386424e-03 -8.90386503e+197 
 4.02719724e-03 -1.32220364e+198 
 4.03053024e-03 -1.96344224e+198 
 4.03386324e-03 -2.91566692e+198 
 4.03719624e-03 -4.32969885e+198 
 4.04052924e-03 -6.42950399e+198 
 4.04386224e-03 -9.54766673e+198 
 4.04719524e-03 -1.41780672e+199 
 4.05052824e-03 -2.10541063e+199 
 4.05386124e-03 -3.12648675e+199 
 4.05719424e-03 -4.64276148e+199 
 4.06052724e-03 -6.89439487e+199 
 4.06386024e-03 -1.02380191e+200 
 4.06719324e-03 -1.52032247e+200 
 4.07052624e-03 -2.25764418e+200 
 4.07385924e-03 -3.35255009e+200 
 4.07719224e-03 -4.97846039e+200 
 4.08052524e-03 -7.39290009e+200 
 4.08385824e-03 -1.09782879e+201 
 4.08719124e-03 -1.63025071e+201 
 4.09052424e-03 -2.42088511e+201 
 4.09385724e-03 -3.59495914e+201 
 4.09719024e-03 -5.33843230e+201 
 4.10052324e-03 -7.92745016e+201 
 4.10385624e-03 -1.17720826e+202 
 4.10718924e-03 -1.74812741e+202 
 4.11052224e-03 -2.59592931e+202 
 4.11385524e-03 -3.85489580e+202 
 4.11718824e-03 -5.72443230e+202 
 4.12052124e-03 -8.50065135e+202 
 4.12385424e-03 -1.26232733e+203 
 4.12718724e-03 -1.87452728e+203 
 4.13052024e-03 -2.78363024e+203 
 4.13385324e-03 -4.13362739e+203 
 4.13718624e-03 -6.13834236e+203 
 4.14051924e-03 -9.11529835e+203 
 4.14385224e-03 -1.35360101e+204 
 4.14718524e-03 -2.01006661e+204 
 4.15051824e-03 -2.98490305e+204 
 4.15385124e-03 -4.43251292e+204 
 4.15718424e-03 -6.58218056e+204 
 4.16051724e-03 -9.77438794e+204 
 4.16385024e-03 -1.45147431e+205 
 4.16718324e-03 -2.15540623e+205 
 4.17051624e-03 -3.20072907e+205 
 4.17384924e-03 -4.75300964e+205 
 4.17718224e-03 -7.05811086e+205 
 4.18051524e-03 -1.04811336e+206 
 4.18384824e-03 -1.55642442e+206 
 4.18718124e-03 -2.31125475e+206 
 4.19051424e-03 -3.43216058e+206 
 4.19384724e-03 -5.09668014e+206 
 4.19718024e-03 -7.56845372e+206 
 4.20051324e-03 -1.12389811e+207 
 4.20384624e-03 -1.66896305e+207 
 4.20717924e-03 -2.47837205e+207 
 4.21051224e-03 -3.68032594e+207 
 4.21384524e-03 -5.46520005e+207 
 4.21717824e-03 -8.11569737e+207 
 4.22051124e-03 -1.20516254e+208 
 4.22384424e-03 -1.78963888e+208 
 4.22717724e-03 -2.65757290e+208 
 4.23051024e-03 -3.94643512e+208 
 4.23384324e-03 -5.86036611e+208 
 4.23717624e-03 -8.70250995e+208 
 4.24050924e-03 -1.29230287e+209 
 4.24384224e-03 -1.91904028e+209 
 4.24717524e-03 -2.84973103e+209 
 4.25050824e-03 -4.23178556e+209 
 4.25384124e-03 -6.28410499e+209 
 4.25717424e-03 -9.33175253e+209 
 4.26050724e-03 -1.38574396e+210 
 4.26384024e-03 -2.05779816e+210 
 4.26717324e-03 -3.05578332e+210 
 4.27050624e-03 -4.53776851e+210 
 4.27383924e-03 -6.73848269e+210 
 4.27717224e-03 -1.00064931e+211 
 4.28050524e-03 -1.48594139e+211 
 4.28383824e-03 -2.20658906e+211 
 4.28717124e-03 -3.27673440e+211 
 4.29050424e-03 -4.86587582e+211 
 4.29383724e-03 -7.22571457e+211 
 4.29717024e-03 -1.07300213e+212 
 4.30050324e-03 -1.59338368e+212 
 4.30383624e-03 -2.36613840e+212 
 4.30716924e-03 -3.51366154e+212 
 4.31050224e-03 -5.21770722e+212 
 4.31383524e-03 -7.74817618e+212 
 4.31716824e-03 -1.15058648e+213 
 4.32050124e-03 -1.70859468e+213 
 4.32383424e-03 -2.53722411e+213 
 4.32716724e-03 -3.76771991e+213 
 4.33050024e-03 -5.59497810e+213 
 4.33383324e-03 -8.30841483e+213 
 4.33716624e-03 -1.23378064e+214 
 4.34049924e-03 -1.83213611e+214 
 4.34383224e-03 -2.72068032e+214 
 4.34716524e-03 -4.04014819e+214 
 4.35049824e-03 -5.99952789e+214 
 4.35383124e-03 -8.90916202e+214 
 4.35716424e-03 -1.32299023e+215 
 4.36049724e-03 -1.96461031e+215 
 4.36383024e-03 -2.91740148e+215 
 4.36716324e-03 -4.33227464e+215 
 4.37049624e-03 -6.43332899e+215 
 4.37382924e-03 -9.55334677e+215 
 4.37716224e-03 -1.41865020e+216 
 4.38049524e-03 -2.10666318e+216 
 4.38382824e-03 -3.12834675e+216 
 4.38716124e-03 -4.64552355e+216 
 4.39049424e-03 -6.89849647e+216 
 4.39382724e-03 -1.02441099e+217 
 4.39716024e-03 -1.52122694e+217 
 4.40049324e-03 -2.25898730e+217 
 4.40382624e-03 -3.35454460e+217 
 4.40715924e-03 -4.98142219e+217 
 4.41049224e-03 -7.39729829e+217 
 4.41382524e-03 -1.09848192e+218 
 4.41715824e-03 -1.63122059e+218 
 4.42049124e-03 -2.42232535e+218 
 4.42382424e-03 -3.59709788e+218 
 4.42715724e-03 -5.34160828e+218 
 4.43049024e-03 -7.93216642e+218 
 4.43382324e-03 -1.17790861e+219 
 4.43715624e-03 -1.74916742e+219 
 4.44048924e-03 -2.59747370e+219 
 4.44382224e-03 -3.85718919e+219 
 4.44715524e-03 -5.72783794e+219 
 4.45048824e-03 -8.50570865e+219 
 4.45382124e-03 -1.26307833e+220 
 4.45715424e-03 -1.87564250e+220 
 4.46048724e-03 -2.78528631e+220 
 4.46382024e-03 -4.13608663e+220 
 4.46715324e-03 -6.14199427e+220 
 4.47048624e-03 -9.12072135e+220 
 4.47381924e-03 -1.35440631e+221 
 4.47715224e-03 -2.01126247e+221 
 4.48048524e-03 -2.98667888e+221 
 4.48381824e-03 -4.43514999e+221 
 4.48715124e-03 -6.58609654e+221 
 4.49048424e-03 -9.78020309e+221 
 4.49381724e-03 -1.45233784e+222 
 4.49715024e-03 -2.15668856e+222 
 4.50048324e-03 -3.20263331e+222 
 4.50381624e-03 -4.75583739e+222 
 4.50714924e-03 -7.06231001e+222 
 4.51048224e-03 -1.04873692e+223 
 4.51381524e-03 -1.55735040e+223 
 4.51714824e-03 -2.31262982e+223 
 4.52048124e-03 -3.43420251e+223 
 4.52381424e-03 -5.09971237e+223 
 4.52714724e-03 -7.57295652e+223 
 4.53048024e-03 -1.12456676e+224 
 4.53381324e-03 -1.66995599e+224 
 4.53714624e-03 -2.47984654e+224 
 4.54047924e-03 -3.68251553e+224 
 4.54381224e-03 -5.46845154e+224 
 4.54714524e-03 -8.12052577e+224 
 4.55047824e-03 -1.20587955e+225 
 4.55381124e-03 -1.79070362e+225 
 4.55714424e-03 -2.65915401e+225 
 4.56047724e-03 -3.94878304e+225 
 4.56381024e-03 -5.86385271e+225 
 4.56714324e-03 -8.70768749e+225 
 4.57047624e-03 -1.29307172e+226 
 4.57380924e-03 -1.92018201e+226 
 4.57714224e-03 -2.85142647e+226 
 4.58047524e-03 -4.23430325e+226 
 4.58380824e-03 -6.28784372e+226 
 4.58714124e-03 -9.33730446e+226 
 4.59047424e-03 -1.38656841e+227 
 4.59380724e-03 -2.05902245e+227 
 4.59714024e-03 -3.05760136e+227 
 4.60047324e-03 -4.54046825e+227 
 4.60380624e-03 -6.74249176e+227 
 4.60713924e-03 -1.00124464e+228 
 4.61047224e-03 -1.48682545e+228 
 4.61380524e-03 -2.20790187e+228 
 4.61713824e-03 -3.27868390e+228 
 4.62047124e-03 -4.86877079e+228 
 4.62380424e-03 -7.23001353e+228 
 4.62713724e-03 -1.07364051e+229 
 4.63047024e-03 -1.59433167e+229 
 4.63380324e-03 -2.36754615e+229 
 4.63713624e-03 -3.51575201e+229 
 4.64046924e-03 -5.22081152e+229 
 4.64380224e-03 -7.75278599e+229 
 4.64713524e-03 -1.15127103e+230 
 4.65046824e-03 -1.70961121e+230 
 4.65380124e-03 -2.53873364e+230 
 4.65713424e-03 -3.76996154e+230 
 4.66046724e-03 -5.59830687e+230 
 4.66380024e-03 -8.31335797e+230 
 4.66713324e-03 -1.23451469e+231 
 4.67046624e-03 -1.83322615e+231 
 4.67379924e-03 -2.72229900e+231 
 4.67713224e-03 -4.04255191e+231 
 4.68046524e-03 -6.00309735e+231 
 4.68379824e-03 -8.91446260e+231 
 4.68713124e-03 -1.32377736e+232 
 4.69046424e-03 -1.96577917e+232 
 4.69379724e-03 -2.91913722e+232 
 4.69713024e-03 -4.33485216e+232 
 4.70046324e-03 -6.43715656e+232 
 4.70379624e-03 -9.55903062e+232 
 4.70712924e-03 -1.41949424e+233 
 4.71046224e-03 -2.10791655e+233 
 4.71379524e-03 -3.13020799e+233 
 4.71712824e-03 -4.64828745e+233 
 4.72046124e-03 -6.90260080e+233 
 4.72379424e-03 -1.02502047e+234 
 4.72712724e-03 -1.52213201e+234 
 4.73046024e-03 -2.26033131e+234 
 4.73379324e-03 -3.35654042e+234 
 4.73712624e-03 -4.98438594e+234 
 4.74045924e-03 -7.40169940e+234 
 4.74379224e-03 -1.09913547e+235 
 4.74712524e-03 -1.63219110e+235 
 4.75045824e-03 -2.42376654e+235 
 4.75379124e-03 -3.59923801e+235 
 4.75712424e-03 -5.34478633e+235 
 4.76045724e-03 -7.93688575e+235 
 4.76379024e-03 -1.17860943e+236 
 4.76712324e-03 -1.75020811e+236 
 4.77045624e-03 -2.59901910e+236 
 4.77378924e-03 -3.85948407e+236 
 4.77712224e-03 -5.73124579e+236 
 4.78045524e-03 -8.51076923e+236 
 4.78378824e-03 -1.26382981e+237 
 4.78712124e-03 -1.87675844e+237 
 4.79045424e-03 -2.78694346e+237 
 4.79378724e-03 -4.13854745e+237 
 4.79712024e-03 -6.14564853e+237 
 4.80045324e-03 -9.12614785e+237 
 4.80378624e-03 -1.35521213e+238 
 4.80711924e-03 -2.01245910e+238 
 4.81045224e-03 -2.98845584e+238 
 4.81378524e-03 -4.43778874e+238 
 4.81711824e-03 -6.59001503e+238 
 4.82045124e-03 -9.78602196e+238 
 4.82378424e-03 -1.45320193e+239 
 4.82711724e-03 -2.15797172e+239 
 4.83045024e-03 -3.20453876e+239 
 4.83378324e-03 -4.75866694e+239 
 4.83711624e-03 -7.06651184e+239 
 4.84044924e-03 -1.04936089e+240 
 4.84378224e-03 -1.55827697e+240 
 4.84711524e-03 -2.31400575e+240 
 4.85044824e-03 -3.43624574e+240 
 4.85378124e-03 -5.10274653e+240 
 4.85711424e-03 -7.57746217e+240 
 4.86044724e-03 -1.12523584e+241 
 4.86378024e-03 -1.67094955e+241 
 4.86711324e-03 -2.48132196e+241 
 4.87044624e-03 -3.68470650e+241 
 4.87377924e-03 -5.47170508e+241 
 4.87711224e-03 -8.12535720e+241 
 4.88044524e-03 -1.20659701e+242 
 4.88377824e-03 -1.79176902e+242 
 4.88711124e-03 -2.66073612e+242 
 4.89044424e-03 -3.95113243e+242 
 4.89377724e-03 -5.86734151e+242 
 4.89711024e-03 -8.71286827e+242 
 4.90044324e-03 -1.29384106e+243 
 4.90377624e-03 -1.92132445e+243 
 4.90710924e-03 -2.85312298e+243 
 4.91044224e-03 -4.23682252e+243 
 4.91377524e-03 -6.29158478e+243 
 4.91710824e-03 -9.34285985e+243 
 4.92044124e-03 -1.38739337e+244 
 4.92377424e-03 -2.06024750e+244 
 4.92710724e-03 -3.05942053e+244 
 4.93044024e-03 -4.54316968e+244 
 4.93377324e-03 -6.74650333e+244 
 4.93710624e-03 -1.00184035e+245 
 4.94043924e-03 -1.48771006e+245 
 4.94377224e-03 -2.20921550e+245 
 4.94710524e-03 -3.28063461e+245 
 4.95043824e-03 -4.87166755e+245 
 4.95377124e-03 -7.23431516e+245 
 4.95710424e-03 -1.07427930e+246 
 4.96043724e-03 -1.59528024e+246 
 4.96377024e-03 -2.36895476e+246 
 4.96710324e-03 -3.51784377e+246 
 4.97043624e-03 -5.22391774e+246 
 4.97376924e-03 -7.75739865e+246 
 4.97710224e-03 -1.15195600e+247 
 4.98043524e-03 -1.71062838e+247 
 4.98376824e-03 -2.54024411e+247 
 4.98710124e-03 -3.77220455e+247 
 4.99043424e-03 -5.60163768e+247 
 4.99376724e-03 -8.31830415e+247 
 4.99710024e-03 -1.23524919e+248 
 5.00043324e-03 -1.83431686e+248 
 5.00376624e-03 -2.72391869e+248 
 5.00709924e-03 -4.04495710e+248 
 5.01043224e-03 -6.00666900e+248 
 5.01376524e-03 -8.91976642e+248 
 5.01709824e-03 -1.32456496e+249 
 5.02043124e-03 -1.96694875e+249 
 5.02376424e-03 -2.92087401e+249 
 5.02709724e-03 -4.33743127e+249 
 5.03043024e-03 -6.44098647e+249 
 5.03376324e-03 -9.56471795e+249 
 5.03709624e-03 -1.42033879e+250 
 5.04042924e-03 -2.10917070e+250 
 5.04376224e-03 -3.13207037e+250 
 5.04709524e-03 -4.65105303e+250 
 5.05042824e-03 -6.90670764e+250 
 5.05376124e-03 -1.02563033e+251 
 5.05709424e-03 -1.52303763e+251 
 5.06042724e-03 -2.26167613e+251 
 5.06376024e-03 -3.35853746e+251 
 5.06709324e-03 -4.98735150e+251 
 5.07042624e-03 -7.40610318e+251 
 5.07375924e-03 -1.09978942e+252 
 5.07709224e-03 -1.63316220e+252 
 5.08042524e-03 -2.42520861e+252 
 5.08375824e-03 -3.60137945e+252 
 5.08709124e-03 -5.34796632e+252 
 5.09042424e-03 -7.94160796e+252 
 5.09375724e-03 -1.17931066e+253 
 5.09709024e-03 -1.75124943e+253 
 5.10042324e-03 -2.60056544e+253 
 5.10375624e-03 -3.86178035e+253 
 5.10708924e-03 -5.73465570e+253 
 5.11042224e-03 -8.51583288e+253 
 5.11375524e-03 -1.26458175e+254 
 5.11708824e-03 -1.87787505e+254 
 5.12042124e-03 -2.78860160e+254 
 5.12375424e-03 -4.14100976e+254 
 5.12708724e-03 -6.14930501e+254 
 5.13042024e-03 -9.13157763e+254 
 5.13375324e-03 -1.35601844e+255 
 5.13708624e-03 -2.01365645e+255 
 5.14041924e-03 -2.99023389e+255 
 5.14375224e-03 -4.44042909e+255 
 5.14708524e-03 -6.59393589e+255 
 5.15041824e-03 -9.79184435e+255 
 5.15375124e-03 -1.45406655e+256 
 5.15708424e-03 -2.15925564e+256 
 5.16041724e-03 -3.20644537e+256 
 5.16375024e-03 -4.76149821e+256 
 5.16708324e-03 -7.07071620e+256 
 5.17041624e-03 -1.04998522e+257 
 5.17374924e-03 -1.55920410e+257 
 5.17708224e-03 -2.31538251e+257 
 5.18041524e-03 -3.43829021e+257 
 5.18374824e-03 -5.10578251e+257 
 5.18708124e-03 -7.58197053e+257 
 5.19041424e-03 -1.12590532e+258 
 5.19374724e-03 -1.67194372e+258 
 5.19708024e-03 -2.48279828e+258 
 5.20041324e-03 -3.68689879e+258 
 5.20374624e-03 -5.47496058e+258 
 5.20707924e-03 -8.13019155e+258 
 5.21041224e-03 -1.20731490e+259 
 5.21374524e-03 -1.79283507e+259 
 5.21707824e-03 -2.66231918e+259 
 5.22041124e-03 -3.95348324e+259 
 5.22374424e-03 -5.87083241e+259 
 5.22707724e-03 -8.71805217e+259 
 5.23041024e-03 -1.29461086e+260 
 5.23374324e-03 -1.92246758e+260 
 5.23707624e-03 -2.85482050e+260 
 5.24040924e-03 -4.23934331e+260 
 5.24374224e-03 -6.29532809e+260 
 5.24707524e-03 -9.34841857e+260 
 5.25040824e-03 -1.38821883e+261 
 5.25374124e-03 -2.06147329e+261 
 5.25707424e-03 -3.06124080e+261 
 5.26040724e-03 -4.54587274e+261 
 5.26374024e-03 -6.75051730e+261 
 5.26707324e-03 -1.00243642e+262 
 5.27040624e-03 -1.48859521e+262 
 5.27373924e-03 -2.21052992e+262 
 5.27707224e-03 -3.28258649e+262 
 5.28040524e-03 -4.87456605e+262 
 5.28373824e-03 -7.23861936e+262 
 5.28707124e-03 -1.07491846e+263 
 5.29040424e-03 -1.59622939e+263 
 5.29373724e-03 -2.37036422e+263 
 5.29707024e-03 -3.51993679e+263 
 5.30040324e-03 -5.22702582e+263 
 5.30373624e-03 -7.76201408e+263 
 5.30706924e-03 -1.15264138e+264 
 5.31040224e-03 -1.71164615e+264 
 5.31373524e-03 -2.54175548e+264 
 5.31706824e-03 -3.77444890e+264 
 5.32040124e-03 -5.60497050e+264 
 5.32373424e-03 -8.32325330e+264 
 5.32706724e-03 -1.23598413e+265 
 5.33040024e-03 -1.83540823e+265 
 5.33373324e-03 -2.72553934e+265 
 5.33706624e-03 -4.04736373e+265 
 5.34039924e-03 -6.01024280e+265 
 5.34373224e-03 -8.92507342e+265 
 5.34706524e-03 -1.32535304e+266 
 5.35039824e-03 -1.96811903e+266 
 5.35373124e-03 -2.92261185e+266 
 5.35706424e-03 -4.34001191e+266 
 5.36039724e-03 -6.44481867e+266 
 5.36373024e-03 -9.57040868e+266 
 5.36706324e-03 -1.42118385e+267 
 5.37039624e-03 -2.11042560e+267 
 5.37372924e-03 -3.13393386e+267 
 5.37706224e-03 -4.65382027e+267 
 5.38039524e-03 -6.91081693e+267 
 5.38372824e-03 -1.02624055e+268 
 5.38706124e-03 -1.52394380e+268 
 5.39039424e-03 -2.26302177e+268 
 5.39372724e-03 -3.36053569e+268 
 5.39706024e-03 -4.99031883e+268 
 5.40039324e-03 -7.41050960e+268 
 5.40372624e-03 -1.10044377e+269 
 5.40705924e-03 -1.63413389e+269 
 5.41039224e-03 -2.42665154e+269 
 5.41372524e-03 -3.60352217e+269 
 5.41705824e-03 -5.35114820e+269 
 5.42039124e-03 -7.94633299e+269 
 5.42372424e-03 -1.18001232e+270 
 5.42705724e-03 -1.75229137e+270 
 5.43039024e-03 -2.60211270e+270 
 5.43372324e-03 -3.86407799e+270 
 5.43705624e-03 -5.73806766e+270 
 5.44038924e-03 -8.52089955e+270 
 5.44372224e-03 -1.26533414e+271 
 5.44705524e-03 -1.87899233e+271 
 5.45038824e-03 -2.79026074e+271 
 5.45372124e-03 -4.14347354e+271 
 5.45705424e-03 -6.15296367e+271 
 5.46038724e-03 -9.13701066e+271 
 5.46372024e-03 -1.35682524e+272 
 5.46705324e-03 -2.01485452e+272 
 5.47038624e-03 -2.99201299e+272 
 5.47371924e-03 -4.44307102e+272 
 5.47705224e-03 -6.59785909e+272 
 5.48038524e-03 -9.79767022e+272 
 5.48371824e-03 -1.45493167e+273 
 5.48705124e-03 -2.16054034e+273 
 5.49038424e-03 -3.20835311e+273 
 5.49371724e-03 -4.76433116e+273 
 5.49705024e-03 -7.07492307e+273 
 5.50038324e-03 -1.05060993e+274 
 5.50371624e-03 -1.56013178e+274 
 5.50704924e-03 -2.31676010e+274 
 5.51038224e-03 -3.44033589e+274 
 5.51371524e-03 -5.10882030e+274 
 5.51704824e-03 -7.58648158e+274 
 5.52038124e-03 -1.12657521e+275 
 5.52371424e-03 -1.67293848e+275 
 5.52704724e-03 -2.48427547e+275 
 5.53038024e-03 -3.68909239e+275 
 5.53371324e-03 -5.47821803e+275 
 5.53704624e-03 -8.13502878e+275 
 5.54037924e-03 -1.20803321e+276 
 5.54371224e-03 -1.79390176e+276 
 5.54704524e-03 -2.66390318e+276 
 5.55037824e-03 -3.95583545e+276 
 5.55371124e-03 -5.87432538e+276 
 5.55704424e-03 -8.72323916e+276 
 5.56037724e-03 -1.29538111e+277 
 5.56371024e-03 -1.92361140e+277 
 5.56704324e-03 -2.85651904e+277 
 5.57037624e-03 -4.24186559e+277 
 5.57370924e-03 -6.29907362e+277 
 5.57704224e-03 -9.35398061e+277 
 5.58037524e-03 -1.38904478e+278 
 5.58370824e-03 -2.06269980e+278 
 5.58704124e-03 -3.06306215e+278 
 5.59037424e-03 -4.54857740e+278 
 5.59370724e-03 -6.75453366e+278 
 5.59704024e-03 -1.00303284e+279 
 5.60037324e-03 -1.48948088e+279 
 5.60370624e-03 -2.21184512e+279 
 5.60703924e-03 -3.28453954e+279 
 5.61037224e-03 -4.87746627e+279 
 5.61370524e-03 -7.24292613e+279 
 5.61703824e-03 -1.07555801e+280 
 5.62037124e-03 -1.59717910e+280 
 5.62370424e-03 -2.37177452e+280 
 5.62703724e-03 -3.52203105e+280 
 5.63037024e-03 -5.23013575e+280 
 5.63370324e-03 -7.76663225e+280 
 5.63703624e-03 -1.15332717e+281 
 5.64036924e-03 -1.71266453e+281 
 5.64370224e-03 -2.54326775e+281 
 5.64703524e-03 -3.77669459e+281 
 5.65036824e-03 -5.60830529e+281 
 5.65370124e-03 -8.32820540e+281 
 5.65703424e-03 -1.23671950e+282 
 5.66036724e-03 -1.83650024e+282 
 5.66370024e-03 -2.72716096e+282 
 5.66703324e-03 -4.04977180e+282 
 5.67036624e-03 -6.01381872e+282 
 5.67369924e-03 -8.93038358e+282 
 5.67703224e-03 -1.32614159e+283 
 5.68036524e-03 -1.96929000e+283 
 5.68369824e-03 -2.92435072e+283 
 5.68703124e-03 -4.34259409e+283 
 5.69036424e-03 -6.44865315e+283 
 5.69369724e-03 -9.57610279e+283 
 5.69703024e-03 -1.42202942e+284 
 5.70036324e-03 -2.11168124e+284 
 5.70369624e-03 -3.13579846e+284 
 5.70702924e-03 -4.65658916e+284 
 5.71036224e-03 -6.91492866e+284 
 5.71369524e-03 -1.02685113e+285 
 5.71702824e-03 -1.52485050e+285 
 5.72036124e-03 -2.26436820e+285 
 5.72369424e-03 -3.36253511e+285 
 5.72702724e-03 -4.99328792e+285 
 5.73036024e-03 -7.41491864e+285 
 5.73369324e-03 -1.10109850e+286 
 5.73702624e-03 -1.63510615e+286 
 5.74035924e-03 -2.42809533e+286 
 5.74369224e-03 -3.60566616e+286 
 5.74702524e-03 -5.35433198e+286 
 5.75035824e-03 -7.95106082e+286 
 5.75369124e-03 -1.18071439e+287 
 5.75702424e-03 -1.75333393e+287 
 5.76035724e-03 -2.60366088e+287 
 5.76369024e-03 -3.86637701e+287 
 5.76702324e-03 -5.74148164e+287 
 5.77035624e-03 -8.52596924e+287 
 5.77368924e-03 -1.26608698e+288 
 5.77702224e-03 -1.88011028e+288 
 5.78035524e-03 -2.79192087e+288 
 5.78368824e-03 -4.14593878e+288 
 5.78702124e-03 -6.15662450e+288 
 5.79035424e-03 -9.14244691e+288 
 5.79368724e-03 -1.35763251e+289 
 5.79702024e-03 -2.01605330e+289 
 5.80035324e-03 -2.99379315e+289 
 5.80368624e-03 -4.44571452e+289 
 5.80701924e-03 -6.60178463e+289 
 5.81035224e-03 -9.80349955e+289 
 5.81368524e-03 -1.45579732e+290 
 5.81701824e-03 -2.16182580e+290 
 5.82035124e-03 -3.21026199e+290 
 5.82368424e-03 -4.76716580e+290 
 5.82701724e-03 -7.07913245e+290 
 5.83035024e-03 -1.05123502e+291 
 5.83368324e-03 -1.56106002e+291 
 5.83701624e-03 -2.31813851e+291 
 5.84034924e-03 -3.44238279e+291 
 5.84368224e-03 -5.11185990e+291 
 5.84701524e-03 -7.59099532e+291 
 5.85034824e-03 -1.12724549e+292 
 5.85368124e-03 -1.67393383e+292 
 5.85701424e-03 -2.48575354e+292 
 5.86034724e-03 -3.69128729e+292 
 5.86368024e-03 -5.48147741e+292 
 5.86701324e-03 -8.13986889e+292 
 5.87034624e-03 -1.20875196e+293 
 5.87367924e-03 -1.79496908e+293 
 5.87701224e-03 -2.66548813e+293 
 5.88034524e-03 -3.95818905e+293 
 5.88367824e-03 -5.87782043e+293 
 5.88701124e-03 -8.72842924e+293 
 5.89034424e-03 -1.29615183e+294 
 5.89367724e-03 -1.92475589e+294 
 5.89701024e-03 -2.85821858e+294 
 5.90034324e-03 -4.24438938e+294 
 5.90367624e-03 -6.30282139e+294 
 5.90700924e-03 -9.35954596e+294 
 5.91034224e-03 -1.38987122e+295 
 5.91367524e-03 -2.06392705e+295 
 5.91700824e-03 -3.06488458e+295 
 5.92034124e-03 -4.55128367e+295 
 5.92367424e-03 -6.75855241e+295 
 5.92700724e-03 -1.00362961e+296 
 5.93034024e-03 -1.49036708e+296 
 5.93367324e-03 -2.21316110e+296 
 5.93700624e-03 -3.28649374e+296 
 5.94033924e-03 -4.88036822e+296 
 5.94367224e-03 -7.24723546e+296 
 5.94700524e-03 -1.07619793e+297 
 5.95033824e-03 -1.59812937e+297 
 5.95367124e-03 -2.37318566e+297 
 5.95700424e-03 -3.52412655e+297 
 5.96033724e-03 -5.23324752e+297 
