% time-domain voltage integration by openEMS v0.37.0-rc1-2-g7b051bb @Sun Jul 12 13:04:52 2026
% start-coordinates: (0.0347867,-0.000230046,0.0001) m -> [369,26,4]
% stop-coordinates: (0.0347867,-0.000230046,0) m -> [369,26,0]
% t/s	voltage
0	0
4.16364924938e-11	0
8.32729849876e-11	0
1.24909477481e-10	0
1.66545969975e-10	0
2.08182462469e-10	0
2.49818954963e-10	-1.20795985685e-16
2.91455447457e-10	-1.35860555662e-12
3.3309193995e-10	3.82008422799e-13
3.74728432444e-10	-3.40271349509e-12
4.16364924938e-10	-1.38046627081e-11
4.58001417432e-10	1.10868146261e-10
4.99637909926e-10	-2.0070347051e-09
5.4127440242e-10	-8.61525162321e-09
5.82910894913e-10	-2.6671845621e-08
6.24547387407e-10	-8.64752820462e-08
6.66183879901e-10	-1.97230598076e-07
7.07820372395e-10	-3.72419620476e-07
7.49456864889e-10	-5.44255151169e-07
7.91093357382e-10	-5.83797657328e-07
8.32729849876e-10	-2.43382388021e-07
8.7436634237e-10	7.77394788543e-07
9.16002834864e-10	2.67859655878e-06
9.57639327358e-10	5.32140722953e-06
9.99275819851e-10	7.98795554147e-06
1.04091231235e-09	9.30476448957e-06
1.08254880484e-09	7.57953466746e-06
1.12418529733e-09	1.51670616333e-06
1.16582178983e-09	-8.84171572579e-06
1.20745828232e-09	-2.14250781028e-05
1.24909477481e-09	-3.22903642882e-05
1.29073126731e-09	-3.68003547919e-05
1.3323677598e-09	-3.15599281748e-05
1.3740042523e-09	-1.62433318565e-05
1.41564074479e-09	5.69778273984e-06
1.45727723728e-09	2.80099711745e-05
1.49891372978e-09	4.39768391516e-05
1.54055022227e-09	4.90880120196e-05
1.58218671476e-09	4.26985443482e-05
1.62382320726e-09	2.79938776657e-05
1.66545969975e-09	1.03584056887e-05
1.70709619225e-09	-4.91557329951e-06
1.74873268474e-09	-1.44742789416e-05
1.79036917723e-09	-1.75928630597e-05
1.83200566973e-09	-1.56805726874e-05
1.87364216222e-09	-1.11344670586e-05
1.91527865472e-09	-6.20615719527e-06
1.95691514721e-09	-2.32360298469e-06
1.9985516397e-09	2.58869322645e-08
2.0401881322e-09	1.02322415785e-06
2.08182462469e-09	1.15175959081e-06
2.12346111718e-09	8.85921494387e-07
2.16509760968e-09	5.38899833202e-07
