% time-domain voltage integration by openEMS v0.37.0-rc1-2-g7b051bb @Sun Jul 12 13:04:52 2026
% start-coordinates: (0.0345517,-0.000230046,0.0001) m -> [368,26,4]
% stop-coordinates: (0.0345517,-0.000230046,0) m -> [368,26,0]
% t/s	voltage
0	0
4.16364924938e-11	0
8.32729849876e-11	0
1.24909477481e-10	0
1.66545969975e-10	0
2.08182462469e-10	0
2.49818954963e-10	-2.19576928289e-16
2.91455447457e-10	-1.50397623771e-12
3.3309193995e-10	-1.04781176682e-12
3.74728432444e-10	-4.2608305122e-12
4.16364924938e-10	-1.60239831386e-11
4.58001417432e-10	2.01618964579e-10
4.99637909926e-10	-5.81337966654e-09
5.4127440242e-10	-5.74195557768e-09
5.82910894913e-10	-2.8580207978e-08
6.24547387407e-10	-8.71167706862e-08
6.66183879901e-10	-2.02578092967e-07
7.07820372395e-10	-3.72900736068e-07
7.49456864889e-10	-5.45668612517e-07
7.91093357382e-10	-5.78040157961e-07
8.32729849876e-10	-2.18319097911e-07
8.7436634237e-10	8.2652115907e-07
9.16002834864e-10	2.75359258239e-06
9.57639327358e-10	5.40764722246e-06
9.99275819851e-10	8.03872137567e-06
1.04091231235e-09	9.2673499239e-06
1.08254880484e-09	7.40564394164e-06
1.12418529733e-09	1.19248231556e-06
1.16582178983e-09	-9.25953258957e-06
1.20745828232e-09	-2.18209188461e-05
1.24909477481e-09	-3.24996640302e-05
1.29073126731e-09	-3.66780232071e-05
1.3323677598e-09	-3.10594796247e-05
1.3740042523e-09	-1.54558481427e-05
1.41564074479e-09	6.56220584005e-06
1.45727723728e-09	2.86952194983e-05
1.49891372978e-09	4.42809623564e-05
1.54055022227e-09	4.89358944833e-05
1.58218671476e-09	4.21755248681e-05
1.62382320726e-09	2.72914339803e-05
1.66545969975e-09	9.69647362581e-06
1.70709619225e-09	-5.37624259778e-06
1.74873268474e-09	-1.46754841808e-05
1.79036917723e-09	-1.75673517333e-05
1.83200566973e-09	-1.55137040565e-05
1.87364216222e-09	-1.09247530418e-05
1.91527865472e-09	-6.02484476531e-06
1.95691514721e-09	-2.20174266019e-06
1.9985516397e-09	8.29332318375e-08
2.0401881322e-09	1.03835418486e-06
2.08182462469e-09	1.14672531026e-06
2.12346111718e-09	8.70209163395e-07
2.16509760968e-09	5.25935142548e-07
