% time-domain voltage integration by openEMS v0.37.0-rc1-2-g7b051bb @Sun Jul 12 13:04:52 2026
% start-coordinates: (-0.0347867,-0.000230046,0.0001) m -> [73,26,4]
% stop-coordinates: (-0.0347867,-0.000230046,0) m -> [73,26,0]
% t/s	voltage
0	0
4.16364924938e-11	1.22431039265e-10
8.32729849876e-11	5.43289202515e-09
1.24909477481e-10	-1.08079387662e-08
1.66545969975e-10	-1.04220987396e-08
2.08182462469e-10	-1.59671786903e-09
2.49818954963e-10	1.62461619713e-08
2.91455447457e-10	6.03772365437e-08
3.3309193995e-10	1.42819985172e-07
3.74728432444e-10	2.80262142383e-07
4.16364924938e-10	4.3142203765e-07
4.58001417432e-10	5.38948498274e-07
4.99637909926e-10	4.39222517912e-07
5.4127440242e-10	-6.10902912701e-08
5.82910894913e-10	-1.15425478953e-06
6.24547387407e-10	-2.89834451905e-06
6.66183879901e-10	-5.08622247253e-06
7.07820372395e-10	-7.13594965873e-06
7.49456864889e-10	-8.20937771095e-06
7.91093357382e-10	-7.38863593597e-06
8.32729849876e-10	-4.11776471765e-06
8.7436634237e-10	1.45636798266e-06
9.16002834864e-10	8.31594184092e-06
9.57639327358e-10	1.47940220359e-05
9.99275819851e-10	1.90656237464e-05
1.04091231235e-09	1.98719453692e-05
1.08254880484e-09	1.69616814674e-05
1.12418529733e-09	1.12233251457e-05
1.16582178983e-09	4.31136169254e-06
1.20745828232e-09	-1.96955247134e-06
1.24909477481e-09	-6.29428836874e-06
1.29073126731e-09	-8.15214048089e-06
1.3323677598e-09	-7.83271855198e-06
1.3740042523e-09	-6.13269037331e-06
1.41564074479e-09	-3.95297576006e-06
1.45727723728e-09	-1.99115612531e-06
1.49891372978e-09	-5.98279612518e-07
1.54055022227e-09	1.70238951824e-07
1.58218671476e-09	4.71533695645e-07
1.62382320726e-09	4.95131963874e-07
1.66545969975e-09	4.08302383903e-07
1.70709619225e-09	2.993262882e-07
1.74873268474e-09	1.95934550362e-07
1.79036917723e-09	7.67674164237e-08
1.83200566973e-09	-6.25067029247e-08
1.87364216222e-09	-2.30344124219e-07
1.91527865472e-09	-3.96433037508e-07
1.95691514721e-09	-5.23557773136e-07
1.9985516397e-09	-5.62375589652e-07
2.0401881322e-09	-4.87446207842e-07
2.08182462469e-09	-3.34035973992e-07
2.12346111718e-09	-1.37177352144e-07
2.16509760968e-09	6.40288480014e-08
