% time-domain current integration by openEMS v0.37.0-rc1-2-g7b051bb @Sun Jul 12 13:04:52 2026
% start-coordinates: (-0.0347867,-0.000302268,7.5e-05) m -> [73,23,3]
% stop-coordinates: (-0.0347867,-0.000174491,0.0001) m -> [73,29,4]
% t/s	current
2.32087472095e-14	0
4.1659701241e-11	3.12019588769e-13
8.32961937348e-11	1.01799638164e-10
1.24932686229e-10	-1.67700332787e-11
1.66569178722e-10	-8.04202537896e-11
2.08205671216e-10	-2.51342197055e-10
2.4984216371e-10	-4.72066996604e-10
2.91478656204e-10	-8.65000959749e-10
3.33115148698e-10	-1.27457366883e-09
3.74751641192e-10	-1.32040089973e-09
4.16388133685e-10	-6.23772367092e-10
4.58024626179e-10	1.62093427569e-09
4.99661118673e-10	5.62352298061e-09
5.41297611167e-10	1.12746239012e-08
5.82934103661e-10	1.71168696994e-08
6.24570596154e-10	2.05169605749e-08
6.66207088648e-10	1.83455668434e-08
7.07843581142e-10	8.15416267841e-09
7.49480073636e-10	-1.01638226724e-08
7.9111656613e-10	-3.30154037442e-08
8.32753058623e-10	-5.37928244171e-08
8.74389551117e-10	-6.46595665899e-08
9.16026043611e-10	-5.98859202228e-08
9.57662536105e-10	-3.86790475204e-08
9.99299028599e-10	-6.36901731355e-09
1.04093552109e-09	2.7735575614e-08
1.08257201359e-09	5.33262678459e-08
1.12420850608e-09	6.36913242147e-08
1.16584499857e-09	5.77457512918e-08
1.20748149107e-09	3.98886292885e-08
1.24911798356e-09	1.74934768893e-08
1.29075447606e-09	-2.1770194536e-09
1.33239096855e-09	-1.46906193876e-08
1.37402746104e-09	-1.90687039492e-08
1.41566395354e-09	-1.71770828672e-08
1.45730044603e-09	-1.19964980172e-08
1.49893693852e-09	-6.49574261047e-09
1.54057343102e-09	-2.33812369466e-09
1.58220992351e-09	-1.9710599819e-10
1.62384641601e-09	1.78294212727e-10
1.6654829085e-09	-5.23206811209e-10
1.70711940099e-09	-1.46506251575e-09
1.74875589349e-09	-2.05656980334e-09
1.79039238598e-09	-1.72448788582e-09
1.83202887847e-09	-3.15781095717e-10
1.87366537097e-09	1.91920990211e-09
1.91530186346e-09	4.50617188008e-09
1.95693835596e-09	6.63834143211e-09
1.99857484845e-09	7.7292963141e-09
2.04021134094e-09	7.35208782743e-09
2.08184783344e-09	5.55235413202e-09
2.12348432593e-09	2.8108584349e-09
2.16512081843e-09	-3.00989996815e-11
