% time-domain voltage integration by openEMS v0.37.0-rc1-2-g7b051bb @Sun Jul 12 13:04:52 2026
% start-coordinates: (0.0347867,0.000230046,0.0001) m -> [369,45,4]
% stop-coordinates: (0.0347867,0.000230046,0) m -> [369,45,0]
% t/s	voltage
0	0
4.16364924938e-11	0
8.32729849876e-11	0
1.24909477481e-10	0
1.66545969975e-10	0
2.08182462469e-10	0
2.49818954963e-10	-1.208147875e-16
2.91455447457e-10	-1.36260118043e-12
3.3309193995e-10	4.38326789653e-13
3.74728432444e-10	-3.35021729326e-12
4.16364924938e-10	-1.40185846872e-11
4.58001417432e-10	-2.78950834653e-10
4.99637909926e-10	-8.89767708401e-08
5.4127440242e-10	-1.36083706082e-07
5.82910894913e-10	-9.22279692617e-08
6.24547387407e-10	2.03650742492e-07
6.66183879901e-10	1.07355793943e-06
7.07820372395e-10	2.95725862998e-06
7.49456864889e-10	6.22781601578e-06
7.91093357382e-10	1.07629236936e-05
8.32729849876e-10	1.52301784055e-05
8.7436634237e-10	1.64256807693e-05
9.16002834864e-10	8.9957579803e-06
9.57639327358e-10	-1.35904904255e-05
9.99275819851e-10	-5.63929897908e-05
1.04091231235e-09	-0.000118911029858
1.08254880484e-09	-0.000191059978533
1.12418529733e-09	-0.000251601082709
1.16582178983e-09	-0.000271667468041
1.20745828232e-09	-0.000223913277296
1.24909477481e-09	-9.50879311858e-05
1.29073126731e-09	0.000103373211459
1.3323677598e-09	0.000332815572619
1.3740042523e-09	0.000536301304237
1.41564074479e-09	0.000657122858684
1.45727723728e-09	0.000659630764858
1.49891372978e-09	0.000543071641005
1.54055022227e-09	0.000341882339853
1.58218671476e-09	0.000112322200948
1.62382320726e-09	-8.82656750036e-05
1.66545969975e-09	-0.00022023631027
1.70709619225e-09	-0.000271054865152
1.74873268474e-09	-0.000253174697718
1.79036917723e-09	-0.000193642033992
1.83200566973e-09	-0.000121497549117
1.87364216222e-09	-5.83721766816e-05
1.91527865472e-09	-1.47879113683e-05
1.95691514721e-09	8.47371165946e-06
1.9985516397e-09	1.63433608122e-05
2.0401881322e-09	1.53590078753e-05
2.08182462469e-09	1.09426093786e-05
2.12346111718e-09	6.38980009171e-06
2.16509760968e-09	3.073532298e-06
