% time-domain current integration by openEMS v0.37.0-rc1-2-g7b051bb @Sun Jul 12 13:04:52 2026
% start-coordinates: (0.0343166,-0.000302268,7.5e-05) m -> [367,23,3]
% stop-coordinates: (0.0343166,-0.000174491,0.0001) m -> [367,29,4]
% t/s	current
2.32087472095e-14	-0
4.1659701241e-11	-0
8.32961937348e-11	-0
1.24932686229e-10	-0
1.66569178722e-10	-0
2.08205671216e-10	-0
2.4984216371e-10	3.24341091602e-17
2.91478656204e-10	1.17171097586e-13
3.33115148698e-10	9.23752448232e-14
3.74751641192e-10	8.89753562169e-14
4.16388133685e-10	3.49163189681e-13
4.58024626179e-10	-3.98377077854e-12
4.99661118673e-10	5.51808806981e-11
5.41297611167e-10	-1.55615069442e-11
5.82934103661e-10	3.74245717749e-10
6.24570596154e-10	1.37756950291e-09
6.66207088648e-10	3.50444007147e-09
7.07843581142e-10	6.77032030438e-09
7.49480073636e-10	1.06826982815e-08
7.9111656613e-10	1.29444472918e-08
8.32753058623e-10	9.34412280884e-09
8.74389551117e-10	-5.8041531581e-09
9.16026043611e-10	-3.75680109244e-08
9.57662536105e-10	-8.62181650518e-08
9.99299028599e-10	-1.42612748277e-07
1.04093552109e-09	-1.8612247743e-07
1.08257201359e-09	-1.87483195191e-07
1.12420850608e-09	-1.19457382652e-07
1.16584499857e-09	2.78383396335e-08
1.20748149107e-09	2.33812755823e-07
1.24911798356e-09	4.44632291874e-07
1.29075447606e-09	5.87149656894e-07
1.33239096855e-09	5.96856125412e-07
1.37402746104e-09	4.4791045184e-07
1.41566395354e-09	1.70234059738e-07
1.45730044603e-09	-1.57345198204e-07
1.49893693852e-09	-4.36460851461e-07
1.54057343102e-09	-5.88064438034e-07
1.58220992351e-09	-5.81952576795e-07
1.62384641601e-09	-4.43352632828e-07
1.6654829085e-09	-2.36091011629e-07
1.70711940099e-09	-3.2587710308e-08
1.74875589349e-09	1.1367551167e-07
1.79039238598e-09	1.81919531883e-07
1.83202887847e-09	1.81708387004e-07
1.87366537097e-09	1.39764139817e-07
1.91530186346e-09	8.47608703225e-08
1.95693835596e-09	3.71649626629e-08
1.99857484845e-09	5.98139582308e-09
2.04021134094e-09	-9.02077701426e-09
2.08184783344e-09	-1.26325563343e-08
2.12348432593e-09	-1.04895088171e-08
2.16512081843e-09	-6.7266028303e-09
