% time-domain voltage integration by openEMS v0.37.0-rc1-2-g7b051bb @Sun Jul 12 13:04:52 2026
% start-coordinates: (-0.0345517,0.000230046,0.0001) m -> [74,45,4]
% stop-coordinates: (-0.0345517,0.000230046,0) m -> [74,45,0]
% t/s	voltage
0	0
4.16364924938e-11	-4.10002115592e-10
8.32729849876e-11	-1.13440130178e-07
1.24909477481e-10	-1.43905023009e-07
1.66545969975e-10	-3.04181204669e-08
2.08182462469e-10	4.58358741184e-07
2.49818954963e-10	1.70264718236e-06
2.91455447457e-10	4.19337771973e-06
3.3309193995e-10	8.17020327304e-06
3.74728432444e-10	1.31387068905e-05
4.16364924938e-10	1.70358673586e-05
4.58001417432e-10	1.5631426777e-05
4.99637909926e-10	2.66203750243e-06
5.4127440242e-10	-2.85468859147e-05
5.82910894913e-10	-8.15879866423e-05
6.24547387407e-10	-0.000152527099999
6.66183879901e-10	-0.000226269319683
7.07820372395e-10	-0.000276781676803
7.49456864889e-10	-0.000273079782346
7.91093357382e-10	-0.000190713970369
8.32729849876e-10	-2.4874429073e-05
8.7436634237e-10	0.000201077487873
9.16002834864e-10	0.000437492453784
9.57639327358e-10	0.000622261562967
9.99275819851e-10	0.000702284349245
1.04091231235e-09	0.000653528244584
1.08254880484e-09	0.000490496968268
1.12418529733e-09	0.000260495133261
1.16582178983e-09	2.55767895396e-05
1.20745828232e-09	-0.000159573799465
1.24909477481e-09	-0.000264120997599
1.29073126731e-09	-0.000286115486233
1.3323677598e-09	-0.000246212366619
1.3740042523e-09	-0.000175078133907
1.41564074479e-09	-0.000100964500234
1.45727723728e-09	-4.20791020588e-05
1.49891372978e-09	-5.05566265474e-06
1.54055022227e-09	1.21902151022e-05
1.58218671476e-09	1.5922777493e-05
1.62382320726e-09	1.27445475755e-05
1.66545969975e-09	7.46786531636e-06
1.70709619225e-09	2.6992443054e-06
1.74873268474e-09	-6.81690025317e-07
1.79036917723e-09	-2.6870553711e-06
1.83200566973e-09	-3.62558506595e-06
1.87364216222e-09	-3.76798880097e-06
1.91527865472e-09	-3.30519617364e-06
1.95691514721e-09	-2.36562954115e-06
1.9985516397e-09	-1.11535942438e-06
2.0401881322e-09	1.47234434422e-07
2.08182462469e-09	1.24062728446e-06
2.12346111718e-09	1.97225847387e-06
2.16509760968e-09	2.25367477924e-06
