% time-domain current integration by openEMS v0.37.0-rc1-2-g7b051bb @Sun Jul 12 13:04:52 2026
% start-coordinates: (-0.0347867,0.000157824,7.5e-05) m -> [73,41,3]
% stop-coordinates: (-0.0347867,0.000268935,0.0001) m -> [73,47,4]
% t/s	current
2.32087472095e-14	0
4.1659701241e-11	-1.01138247083e-11
8.32961937348e-11	-1.71752634337e-09
1.24932686229e-10	-2.11100537051e-09
1.66569178722e-10	-3.78196807205e-10
2.08205671216e-10	6.86464929345e-09
2.4984216371e-10	2.54928878007e-08
2.91478656204e-10	6.24672793492e-08
3.33115148698e-10	1.2134627525e-07
3.74751641192e-10	1.94677383547e-07
4.16388133685e-10	2.5170655249e-07
4.58024626179e-10	2.29735277912e-07
4.99661118673e-10	3.62192800196e-08
5.41297611167e-10	-4.26832457379e-07
5.82934103661e-10	-1.2118413224e-06
6.24570596154e-10	-2.25921803576e-06
6.66207088648e-10	-3.34561264026e-06
7.07843581142e-10	-4.08694222642e-06
7.49480073636e-10	-4.02784462494e-06
7.9111656613e-10	-2.81082611764e-06
8.32753058623e-10	-3.68320627331e-07
8.74389551117e-10	2.95358472613e-06
9.16026043611e-10	6.42413260721e-06
9.57662536105e-10	9.13284111448e-06
9.99299028599e-10	1.03040629256e-05
1.04093552109e-09	9.59010685619e-06
1.08257201359e-09	7.20726166037e-06
1.12420850608e-09	3.85033308703e-06
1.16584499857e-09	4.26340818649e-07
1.20748149107e-09	-2.26786778512e-06
1.24911798356e-09	-3.78549748348e-06
1.29075447606e-09	-4.1012804104e-06
1.33239096855e-09	-3.51849280378e-06
1.37402746104e-09	-2.48442870543e-06
1.41566395354e-09	-1.4097854546e-06
1.45730044603e-09	-5.58163947062e-07
1.49893693852e-09	-2.43270825706e-08
1.54057343102e-09	2.2353307827e-07
1.58220992351e-09	2.77725206388e-07
1.62384641601e-09	2.35305947172e-07
1.6654829085e-09	1.66816647607e-07
1.70711940099e-09	1.09691548289e-07
1.74875589349e-09	7.52377857793e-08
1.79039238598e-09	5.99175535854e-08
1.83202887847e-09	5.489803101e-08
1.87366537097e-09	5.18451557241e-08
1.91530186346e-09	4.51943797941e-08
1.95693835596e-09	3.31061826842e-08
1.99857484845e-09	1.67625024972e-08
2.04021134094e-09	-1.77869818874e-09
2.08184783344e-09	-1.80209411837e-08
2.12348432593e-09	-2.88974248974e-08
2.16512081843e-09	-3.31670371168e-08
