% time-domain voltage integration by openEMS v0.37.0-rc1-2-g7b051bb @Sun Jul 12 13:04:52 2026
% start-coordinates: (-0.0343166,-0.000230046,0.0001) m -> [75,26,4]
% stop-coordinates: (-0.0343166,-0.000230046,0) m -> [75,26,0]
% t/s	voltage
0	0
4.16364924938e-11	-3.52893703842e-11
8.32729849876e-11	-1.08710855873e-08
1.24909477481e-10	-4.75917949494e-09
1.66545969975e-10	-7.24380488926e-09
2.08182462469e-10	-1.49276271899e-10
2.49818954963e-10	1.2188977383e-08
2.91455447457e-10	5.21273335607e-08
3.3309193995e-10	1.30566707668e-07
3.74728432444e-10	2.62681531638e-07
4.16364924938e-10	4.18716318507e-07
4.58001417432e-10	5.39760279139e-07
4.99637909926e-10	4.79306905277e-07
5.4127440242e-10	3.61265282134e-08
5.82910894913e-10	-9.86999026509e-07
6.24547387407e-10	-2.67337480864e-06
6.66183879901e-10	-4.85090356506e-06
7.07820372395e-10	-6.97653308634e-06
7.49456864889e-10	-8.22214769869e-06
7.91093357382e-10	-7.65131028402e-06
8.32729849876e-10	-4.64491392904e-06
8.7436634237e-10	7.43553414395e-07
9.16002834864e-10	7.57798773066e-06
9.57639327358e-10	1.42266726471e-05
9.99275819851e-10	1.88375774997e-05
1.04091231235e-09	2.00458430299e-05
1.08254880484e-09	1.7487544028e-05
1.12418529733e-09	1.19453104617e-05
1.16582178983e-09	5.03192359247e-06
1.20745828232e-09	-1.41576117585e-06
1.24909477481e-09	-5.99674979185e-06
1.29073126731e-09	-8.10815436125e-06
1.3323677598e-09	-7.97255779617e-06
1.3740042523e-09	-6.35935919036e-06
1.41564074479e-09	-4.17871899572e-06
1.45727723728e-09	-2.16440218992e-06
1.49891372978e-09	-7.02364346239e-07
1.54055022227e-09	1.25985792465e-07
1.58218671476e-09	4.66736501892e-07
1.62382320726e-09	5.09210046573e-07
1.66545969975e-09	4.26643794071e-07
1.70709619225e-09	3.12874419706e-07
1.74873268474e-09	2.02189500698e-07
1.79036917723e-09	7.48188524469e-08
1.83200566973e-09	-7.09976415436e-08
1.87364216222e-09	-2.41758858266e-07
1.91527865472e-09	-4.06692407751e-07
1.95691514721e-09	-5.25538240481e-07
1.9985516397e-09	-5.47119128669e-07
2.0401881322e-09	-4.84911943488e-07
2.08182462469e-09	-3.23390338508e-07
2.12346111718e-09	-1.2358854562e-07
2.16509760968e-09	7.72235093649e-08
