% time-domain current integration by openEMS v0.37.0-rc1-2-g7b051bb @Sun Jul 12 13:04:52 2026
% start-coordinates: (0.0345517,0.000157824,7.5e-05) m -> [368,41,3]
% stop-coordinates: (0.0345517,0.000268935,0.0001) m -> [368,47,4]
% t/s	current
2.32087472095e-14	-0
4.1659701241e-11	-0
8.32961937348e-11	-0
1.24932686229e-10	-0
1.66569178722e-10	-0
2.08205671216e-10	-0
2.4984216371e-10	1.82721897751e-17
2.91478656204e-10	1.39919868226e-13
3.33115148698e-10	-2.96113672048e-14
3.74751641192e-10	6.67710786835e-14
4.16388133685e-10	1.79718937757e-13
4.58024626179e-10	5.09325004047e-12
4.99661118673e-10	1.35183009231e-09
5.41297611167e-10	1.98726901601e-09
5.82934103661e-10	1.35700550796e-09
6.24570596154e-10	-3.16689074964e-09
6.66207088648e-10	-1.61615218985e-08
7.07843581142e-10	-4.42826291192e-08
7.49480073636e-10	-9.2902304516e-08
7.9111656613e-10	-1.59948129408e-07
8.32753058623e-10	-2.25537945653e-07
8.74389551117e-10	-2.41751905605e-07
9.16026043611e-10	-1.29294846829e-07
9.57662536105e-10	2.08155597647e-07
9.99299028599e-10	8.4437743908e-07
1.04093552109e-09	1.77037213689e-06
1.08257201359e-09	2.83498684439e-06
1.12420850608e-09	3.72317072106e-06
1.16584499857e-09	4.00850376536e-06
1.20748149107e-09	3.28957298734e-06
1.24911798356e-09	1.37478468787e-06
1.29075447606e-09	-1.56244016125e-06
1.33239096855e-09	-4.94836967846e-06
1.37402746104e-09	-7.94253810454e-06
1.41566395354e-09	-9.71118606685e-06
1.45730044603e-09	-9.73333590082e-06
1.49893693852e-09	-8.00265297585e-06
1.54057343102e-09	-5.02973853145e-06
1.58220992351e-09	-1.64415564541e-06
1.62384641601e-09	1.31070999032e-06
1.6654829085e-09	3.25312203131e-06
1.70711940099e-09	4.00020144298e-06
1.74875589349e-09	3.73599277737e-06
1.79039238598e-09	2.85859277938e-06
1.83202887847e-09	1.79517314791e-06
1.87366537097e-09	8.64010132773e-07
1.91530186346e-09	2.20195701672e-07
1.95693835596e-09	-1.24172913729e-07
1.99857484845e-09	-2.41357128061e-07
2.04021134094e-09	-2.27491085525e-07
2.08184783344e-09	-1.62465923381e-07
2.12348432593e-09	-9.51148919626e-08
2.16512081843e-09	-4.5818858041e-08
