% time-domain voltage integration by openEMS v0.37.0-rc1-2-g7b051bb @Sun Jul 12 13:04:52 2026
% start-coordinates: (0.0345517,0.000230046,0.0001) m -> [368,45,4]
% stop-coordinates: (0.0345517,0.000230046,0) m -> [368,45,0]
% t/s	voltage
0	0
4.16364924938e-11	0
8.32729849876e-11	0
1.24909477481e-10	0
1.66545969975e-10	0
2.08182462469e-10	0
2.49818954963e-10	-2.1960435098e-16
2.91455447457e-10	-1.50712176571e-12
3.3309193995e-10	-1.02696700427e-12
3.74728432444e-10	-4.15042826496e-12
4.16364924938e-10	-1.627730329e-11
4.58001417432e-10	-3.92721480336e-10
4.99637909926e-10	-9.5579533621e-08
5.4127440242e-10	-1.34829818421e-07
5.82910894913e-10	-9.29128667337e-08
6.24547387407e-10	2.23744294203e-07
6.66183879901e-10	1.1178115642e-06
7.07820372395e-10	3.04830149389e-06
7.49456864889e-10	6.37338587239e-06
7.91093357382e-10	1.09321240416e-05
8.32729849876e-10	1.53596079144e-05
8.7436634237e-10	1.63524623531e-05
9.16002834864e-10	8.49826574267e-06
9.57639327358e-10	-1.4738307982e-05
9.99275819851e-10	-5.82927050345e-05
1.04091231235e-09	-0.000121401477372
1.08254880484e-09	-0.000193567189854
1.12418529733e-09	-0.000253209345829
1.16582178983e-09	-0.000271300868917
1.20745828232e-09	-0.000220781854296
1.24909477481e-09	-8.91162690095e-05
1.29073126731e-09	0.000111277602628
1.3323677598e-09	0.000340868406056
1.3740042523e-09	0.000542358277016
1.41564074479e-09	0.000659432917018
1.45727723728e-09	0.000657502459944
1.49891372978e-09	0.000537144165719
1.54055022227e-09	0.000333875075739
1.58218671476e-09	0.000104377588286
1.62382320726e-09	-9.43370068853e-05
1.66545969975e-09	-0.000223488743359
1.70709619225e-09	-0.000271526485449
1.74873268474e-09	-0.000251633886364
1.79036917723e-09	-0.000191151775653
1.83200566973e-09	-0.000118999199913
1.87364216222e-09	-5.6440845583e-05
1.91527865472e-09	-1.36067314997e-05
1.95691514721e-09	8.99530050447e-06
1.9985516397e-09	1.64319685609e-05
2.0401881322e-09	1.52385036927e-05
2.08182462469e-09	1.0770307199e-05
2.12346111718e-09	6.24746883204e-06
2.16509760968e-09	2.97867745758e-06
