% time-domain current integration by openEMS v0.37.0-rc1-2-g7b051bb @Sun Jul 12 13:04:52 2026
% start-coordinates: (0.0345517,-0.000302268,7.5e-05) m -> [368,23,3]
% stop-coordinates: (0.0345517,-0.000174491,0.0001) m -> [368,29,4]
% t/s	current
2.32087472095e-14	-0
4.1659701241e-11	-0
8.32961937348e-11	-0
1.24932686229e-10	-0
1.66569178722e-10	-0
2.08205671216e-10	-0
2.4984216371e-10	1.82706247494e-17
2.91478656204e-10	1.39348724074e-13
3.33115148698e-10	-2.40574365442e-14
3.74751641192e-10	7.93952238481e-14
4.16388133685e-10	1.65597814324e-13
4.58024626179e-10	-2.33022325394e-12
4.99661118673e-10	2.14706100121e-11
5.41297611167e-10	5.23306294131e-11
5.82934103661e-10	3.69001773581e-10
6.24570596154e-10	1.35735878093e-09
6.66207088648e-10	3.36832584047e-09
7.07843581142e-10	6.68741906296e-09
7.49480073636e-10	1.05654640592e-08
7.9111656613e-10	1.29732677934e-08
8.32753058623e-10	9.67583435596e-09
8.74389551117e-10	-5.00620034316e-09
9.16026043611e-10	-3.62116097108e-08
9.57662536105e-10	-8.44883416562e-08
9.99299028599e-10	-1.41135359399e-07
1.04093552109e-09	-1.85654315032e-07
1.08257201359e-09	-1.89023907637e-07
1.12420850608e-09	-1.23588492329e-07
1.16584499857e-09	2.15447020224e-08
1.20748149107e-09	2.26810300319e-07
1.24911798356e-09	4.392238111e-07
1.29075447606e-09	5.857797305e-07
1.33239096855e-09	6.00921794103e-07
1.37402746104e-09	4.56957536699e-07
1.41566395354e-09	1.81879357797e-07
1.45730044603e-09	-1.4656073688e-07
1.49893693852e-09	-4.29717147199e-07
1.54057343102e-09	-5.87114413975e-07
1.58220992351e-09	-5.86379258039e-07
1.62384641601e-09	-4.51046417993e-07
1.6654829085e-09	-2.44285757844e-07
1.70711940099e-09	-3.89927521383e-08
1.74875589349e-09	1.10211182403e-07
1.79039238598e-09	1.81368534413e-07
1.83202887847e-09	1.83158050504e-07
1.87366537097e-09	1.41995514014e-07
1.91530186346e-09	8.68688303512e-08
1.95693835596e-09	3.86334448876e-08
1.99857484845e-09	6.74646427612e-09
2.04021134094e-09	-8.73209415886e-09
2.08184783344e-09	-1.2673513794e-08
2.12348432593e-09	-1.06548130319e-08
2.16512081843e-09	-6.87487178297e-09
