% time-domain current integration by openEMS v0.37.0-rc1-2-g7b051bb @Sun Jul 12 13:04:52 2026
% start-coordinates: (-0.0345517,0.000157824,7.5e-05) m -> [74,41,3]
% stop-coordinates: (-0.0345517,0.000268935,0.0001) m -> [74,47,4]
% t/s	current
2.32087472095e-14	0
4.1659701241e-11	-5.10815478458e-12
8.32961937348e-11	-1.68160485536e-09
1.24932686229e-10	-2.10913286836e-09
1.66569178722e-10	-5.489292354e-10
2.08205671216e-10	6.4927325738e-09
2.4984216371e-10	2.45950406708e-08
2.91478656204e-10	6.07246448681e-08
3.33115148698e-10	1.18969936125e-07
3.74751641192e-10	1.92063978943e-07
4.16388133685e-10	2.50537311786e-07
4.58024626179e-10	2.32809185263e-07
4.99661118673e-10	4.70774743633e-08
5.41297611167e-10	-4.05102838386e-07
5.82934103661e-10	-1.17878539641e-06
6.24570596154e-10	-2.21960704039e-06
6.66207088648e-10	-3.31018236466e-06
7.07843581142e-10	-4.07128300139e-06
7.49480073636e-10	-4.04764705308e-06
7.9111656613e-10	-2.87485136141e-06
8.32753058623e-10	-4.72463653978e-07
8.74389551117e-10	2.82855535261e-06
9.16026043611e-10	6.30874592389e-06
9.57662536105e-10	9.05884917302e-06
9.99299028599e-10	1.02930871435e-05
1.04093552109e-09	9.64528135228e-06
1.08257201359e-09	7.31192221792e-06
1.12420850608e-09	3.97454414269e-06
1.16584499857e-09	5.38356289326e-07
1.20748149107e-09	-2.19130470214e-06
1.24911798356e-09	-3.75296940547e-06
1.29075447606e-09	-4.10735128753e-06
1.33239096855e-09	-3.54892313226e-06
1.37402746104e-09	-2.52332188211e-06
1.41566395354e-09	-1.44473506225e-06
1.45730044603e-09	-5.82828249662e-07
1.49893693852e-09	-3.78443161253e-08
1.54057343102e-09	2.18666713181e-07
1.58220992351e-09	2.78084598904e-07
1.62384641601e-09	2.3773603175e-07
1.6654829085e-09	1.69504630776e-07
1.70711940099e-09	1.1182963533e-07
1.74875589349e-09	7.65975158856e-08
1.79039238598e-09	6.06472383424e-08
1.83202887847e-09	5.52007435317e-08
1.87366537097e-09	5.17528810917e-08
1.91530186346e-09	4.48223502758e-08
1.95693835596e-09	3.24967075471e-08
1.99857484845e-09	1.61581166225e-08
2.04021134094e-09	-2.40965536413e-09
2.08184783344e-09	-1.84759265665e-08
2.12348432593e-09	-2.92347355213e-08
2.16512081843e-09	-3.31961480526e-08
