% time-domain current integration by openEMS v0.37.0-rc1-2-g7b051bb @Sun Jul 12 13:04:52 2026
% start-coordinates: (0.0343166,0.000157824,7.5e-05) m -> [367,41,3]
% stop-coordinates: (0.0343166,0.000268935,0.0001) m -> [367,47,4]
% t/s	current
2.32087472095e-14	-0
4.1659701241e-11	-0
8.32961937348e-11	-0
1.24932686229e-10	-0
1.66569178722e-10	-0
2.08205671216e-10	-0
2.4984216371e-10	3.24359852059e-17
2.91478656204e-10	1.1717096206e-13
3.33115148698e-10	9.37916058838e-14
3.74751641192e-10	7.59746540853e-14
4.16388133685e-10	3.58097991364e-13
4.58024626179e-10	7.2670233546e-12
4.99661118673e-10	1.45518042061e-09
5.41297611167e-10	1.97782434874e-09
5.82934103661e-10	1.35353173114e-09
6.24570596154e-10	-3.42144490517e-09
6.66207088648e-10	-1.68366369735e-08
7.07843581142e-10	-4.56447608599e-08
7.49480073636e-10	-9.50530676391e-08
7.9111656613e-10	-1.62431561535e-07
8.32753058623e-10	-2.27380752449e-07
8.74389551117e-10	-2.40608187596e-07
9.16026043611e-10	-1.21854341728e-07
9.57662536105e-10	2.25186226999e-07
9.99299028599e-10	8.72504756444e-07
1.04093552109e-09	1.80711015219e-06
1.08257201359e-09	2.87187435788e-06
1.12420850608e-09	3.74666319658e-06
1.16584499857e-09	4.00295630243e-06
1.20748149107e-09	3.24343909597e-06
1.24911798356e-09	1.28717181269e-06
1.29075447606e-09	-1.67807331763e-06
1.33239096855e-09	-5.06587593918e-06
1.37402746104e-09	-8.0306763266e-06
1.41566395354e-09	-9.74462363956e-06
1.45730044603e-09	-9.70231667452e-06
1.49893693852e-09	-7.91676029621e-06
1.54057343102e-09	-4.91413220516e-06
1.58220992351e-09	-1.52989809976e-06
1.62384641601e-09	1.39761573337e-06
1.6654829085e-09	3.29926501763e-06
1.70711940099e-09	4.00638873543e-06
1.74875589349e-09	3.71350165551e-06
1.79039238598e-09	2.82282917397e-06
1.83202887847e-09	1.75954903625e-06
1.87366537097e-09	8.36652759517e-07
1.91530186346e-09	2.0368744913e-07
1.95693835596e-09	-1.31336520326e-07
1.99857484845e-09	-2.42479956114e-07
2.04021134094e-09	-2.25706287438e-07
2.08184783344e-09	-1.60022381124e-07
2.12348432593e-09	-9.30684791456e-08
2.16512081843e-09	-4.45108021552e-08
