% time-domain voltage integration by openEMS v0.37.0-rc1-2-g7b051bb @Sun Jul 12 13:04:52 2026
% start-coordinates: (0.0343166,0.000230046,0.0001) m -> [367,45,4]
% stop-coordinates: (0.0343166,0.000230046,0) m -> [367,45,0]
% t/s	voltage
0	0
4.16364924938e-11	0
8.32729849876e-11	0
1.24909477481e-10	0
1.66545969975e-10	0
2.08182462469e-10	0
2.49818954963e-10	-3.9121436264e-16
2.91455447457e-10	-9.96540957393e-13
3.3309193995e-10	-2.23075716428e-12
3.74728432444e-10	-4.51718100859e-12
4.16364924938e-10	-1.900312286e-11
4.58001417432e-10	-5.58515844684e-10
4.99637909926e-10	-1.03123159789e-07
5.4127440242e-10	-1.34504235305e-07
5.82910894913e-10	-9.10814748067e-08
6.24547387407e-10	2.38792846829e-07
6.66183879901e-10	1.16547769835e-06
7.07820372395e-10	3.14175736094e-06
7.49456864889e-10	6.51840616683e-06
7.91093357382e-10	1.11019969609e-05
8.32729849876e-10	1.5478764908e-05
8.7436634237e-10	1.62662947787e-05
9.16002834864e-10	7.98031419436e-06
9.57639327358e-10	-1.59106823503e-05
9.99275819851e-10	-6.02219588473e-05
1.04091231235e-09	-0.000123902196719
1.08254880484e-09	-0.0001960648151
1.12418529733e-09	-0.000254761496763
1.16582178983e-09	-0.000270849599474
1.20745828232e-09	-0.000217545806663
1.24909477481e-09	-8.30554927234e-05
1.29073126731e-09	0.000119218582768
1.3323677598e-09	0.000348882880644
1.3740042523e-09	0.000548305186385
1.41564074479e-09	0.000661588259391
1.45727723728e-09	0.000655221025227
1.49891372978e-09	0.000531109682925
1.54055022227e-09	0.000325833490933
1.58218671476e-09	9.64699247561e-05
1.62382320726e-09	-0.000100325432868
1.66545969975e-09	-0.000226642452617
1.70709619225e-09	-0.000271911751042
1.74873268474e-09	-0.000250041659456
1.79036917723e-09	-0.000188648256881
1.83200566973e-09	-0.000116509925647
1.87364216222e-09	-5.45325765415e-05
1.91527865472e-09	-1.24559537653e-05
1.95691514721e-09	9.49876653067e-06
1.9985516397e-09	1.65122876297e-05
2.0401881322e-09	1.51149263274e-05
2.08182462469e-09	1.05983597223e-05
2.12346111718e-09	6.10200493156e-06
2.16509760968e-09	2.88861963327e-06
