% time-domain voltage integration by openEMS v0.37.0-rc1-2-g7b051bb @Sun Jul 12 13:04:52 2026
% start-coordinates: (0.0343166,-0.000230046,0.0001) m -> [367,26,4]
% stop-coordinates: (0.0343166,-0.000230046,0) m -> [367,26,0]
% t/s	voltage
0	0
4.16364924938e-11	0
8.32729849876e-11	0
1.24909477481e-10	0
1.66545969975e-10	0
2.08182462469e-10	0
2.49818954963e-10	-3.91176811949e-16
2.91455447457e-10	-9.96034404586e-13
3.3309193995e-10	-2.1980417703e-12
3.74728432444e-10	-4.57553537159e-12
4.16364924938e-10	-1.89474555837e-11
4.58001417432e-10	3.40190799142e-10
4.99637909926e-10	-7.09888159367e-09
5.4127440242e-10	2.40305414456e-10
5.82910894913e-10	-2.76466245452e-08
6.24547387407e-10	-8.87560762663e-08
6.66183879901e-10	-2.12019354962e-07
7.07820372395e-10	-3.79379045512e-07
7.49456864889e-10	-5.51322500542e-07
7.91093357382e-10	-5.70276242229e-07
8.32729849876e-10	-1.91766677204e-07
8.7436634237e-10	8.81023055399e-07
9.16002834864e-10	2.83363687004e-06
9.57639327358e-10	5.49017602225e-06
9.99275819851e-10	8.08401580343e-06
1.04091231235e-09	9.22763479139e-06
1.08254880484e-09	7.22740162473e-06
1.12418529733e-09	8.63487464642e-07
1.16582178983e-09	-9.68273548096e-06
1.20745828232e-09	-2.22083695007e-05
1.24909477481e-09	-3.26925824083e-05
1.29073126731e-09	-3.65400619557e-05
1.3323677598e-09	-3.05472217406e-05
1.3740042523e-09	-1.46625980051e-05
1.41564074479e-09	7.42368490592e-06
1.45727723728e-09	2.93671005238e-05
1.49891372978e-09	4.45660707555e-05
1.54055022227e-09	4.87660245199e-05
1.58218671476e-09	4.16404836869e-05
1.62382320726e-09	2.65882208623e-05
1.66545969975e-09	9.0391898766e-06
1.70709619225e-09	-5.83117207498e-06
1.74873268474e-09	-1.48680223901e-05
1.79036917723e-09	-1.75312866304e-05
1.83200566973e-09	-1.53436224082e-05
1.87364216222e-09	-1.07159557956e-05
1.91527865472e-09	-5.84532313042e-06
1.95691514721e-09	-2.0854881484e-06
1.9985516397e-09	1.41954828337e-07
2.0401881322e-09	1.05494403613e-06
2.08182462469e-09	1.13722953188e-06
2.12346111718e-09	8.56551096717e-07
2.16509760968e-09	5.13170483885e-07
