% time-domain voltage integration by openEMS v0.37.0-rc1-2-g7b051bb @Sun Jul 12 13:04:52 2026
% start-coordinates: (-0.0347867,0.000230046,0.0001) m -> [73,45,4]
% stop-coordinates: (-0.0347867,0.000230046,0) m -> [73,45,0]
% t/s	voltage
0	0
4.16364924938e-11	-8.62351440256e-10
8.32729849876e-11	-1.21922910878e-07
1.24909477481e-10	-1.4283046923e-07
1.66545969975e-10	-2.25041976165e-08
2.08182462469e-10	4.79746944393e-07
2.49818954963e-10	1.77277851776e-06
2.91455447457e-10	4.30492087844e-06
3.3309193995e-10	8.33781837173e-06
3.74728432444e-10	1.33122364332e-05
4.16364924938e-10	1.71105546087e-05
4.58001417432e-10	1.54171207214e-05
4.99637909926e-10	1.90424890434e-06
5.4127440242e-10	-3.00381434499e-05
5.82910894913e-10	-8.38511732582e-05
6.24547387407e-10	-0.000155219524459
6.66183879901e-10	-0.00022865070423
7.07820372395e-10	-0.000277784598438
7.49456864889e-10	-0.00027164956191
7.91093357382e-10	-0.000186260003829
8.32729849876e-10	-1.77153933691e-05
8.7436634237e-10	0.000209606099816
9.16002834864e-10	0.00044530024752
9.57639327358e-10	0.000627183675533
9.99275819851e-10	0.000702869307133
1.04091231235e-09	0.000649612527923
1.08254880484e-09	0.000483238974994
1.12418529733e-09	0.00025196761635
1.16582178983e-09	1.79468302122e-05
1.20745828232e-09	-0.000164741788467
1.24909477481e-09	-0.000266264363745
1.29073126731e-09	-0.000285630390863
1.3323677598e-09	-0.000244082690187
1.3740042523e-09	-0.00017240183297
1.41564074479e-09	-9.85715578281e-05
1.45727723728e-09	-4.0403911953e-05
1.49891372978e-09	-4.1439741949e-06
1.54055022227e-09	1.2512974763e-05
1.58218671476e-09	1.59039072969e-05
1.62382320726e-09	1.25856347495e-05
1.66545969975e-09	7.31188754344e-06
1.70709619225e-09	2.58633872363e-06
1.74873268474e-09	-7.38170570003e-07
1.79036917723e-09	-2.70811324299e-06
1.83200566973e-09	-3.63082131116e-06
1.87364216222e-09	-3.78081938379e-06
1.91527865472e-09	-3.32515901391e-06
1.95691514721e-09	-2.39614905695e-06
1.9985516397e-09	-1.15846057724e-06
2.0401881322e-09	1.03791530037e-07
2.08182462469e-09	1.21029606248e-06
2.12346111718e-09	1.95679118065e-06
2.16509760968e-09	2.24416987749e-06
