% time-domain voltage integration by openEMS v0.37.0-rc1-2-g7b051bb @Sun Jul 12 13:04:52 2026
% start-coordinates: (-0.0345517,-0.000230046,0.0001) m -> [74,26,4]
% stop-coordinates: (-0.0345517,-0.000230046,0) m -> [74,26,0]
% t/s	voltage
0	0
4.16364924938e-11	1.58212814594e-12
8.32729849876e-11	-1.98698013598e-09
1.24909477481e-10	1.11608158826e-09
1.66545969975e-10	-1.00844724238e-09
2.08182462469e-10	-3.86472076563e-09
2.49818954963e-10	1.33755082565e-08
2.91455447457e-10	5.547607973e-08
3.3309193995e-10	1.40010609329e-07
3.74728432444e-10	2.67386283781e-07
4.16364924938e-10	4.29311022287e-07
4.58001417432e-10	5.38148782425e-07
4.99637909926e-10	4.59826907218e-07
5.4127440242e-10	-1.047894993e-08
5.82910894913e-10	-1.06903920027e-06
6.24547387407e-10	-2.78808113308e-06
6.66183879901e-10	-4.9638811106e-06
7.07820372395e-10	-7.06222647295e-06
7.49456864889e-10	-8.216043625e-06
7.91093357382e-10	-7.52335222387e-06
8.32729849876e-10	-4.38361155375e-06
8.7436634237e-10	1.09691426076e-06
9.16002834864e-10	7.95225014372e-06
9.57639327358e-10	1.45093085848e-05
9.99275819851e-10	1.895773039e-05
1.04091231235e-09	1.99642122425e-05
1.08254880484e-09	1.72275017576e-05
1.12418529733e-09	1.15844875381e-05
1.16582178983e-09	4.6725546099e-06
1.20745828232e-09	-1.69684273033e-06
1.24909477481e-09	-6.14870236859e-06
1.29073126731e-09	-8.13144788481e-06
1.3323677598e-09	-7.90428759956e-06
1.3740042523e-09	-6.24580729891e-06
1.41564074479e-09	-4.06574497447e-06
1.45727723728e-09	-2.07535441632e-06
1.49891372978e-09	-6.53225754377e-07
1.54055022227e-09	1.52666775222e-07
1.58218671476e-09	4.6750660232e-07
1.62382320726e-09	5.02442418338e-07
1.66545969975e-09	4.17575229505e-07
1.70709619225e-09	3.0818409158e-07
1.74873268474e-09	1.94921064178e-07
1.79036917723e-09	7.94220724742e-08
1.83200566973e-09	-6.83387346712e-08
1.87364216222e-09	-2.35989464414e-07
1.91527865472e-09	-4.01584266285e-07
1.95691514721e-09	-5.23584873235e-07
1.9985516397e-09	-5.51626868628e-07
2.0401881322e-09	-4.92272832275e-07
2.08182462469e-09	-3.34651126366e-07
2.12346111718e-09	-1.25123346351e-07
2.16509760968e-09	7.045806516e-08
