% time-domain voltage integration by openEMS v0.37.0-rc1-2-g7b051bb @Sun Jul 12 13:04:52 2026
% start-coordinates: (-0.0343166,0.000230046,0.0001) m -> [75,45,4]
% stop-coordinates: (-0.0343166,0.000230046,0) m -> [75,45,0]
% t/s	voltage
0	0
4.16364924938e-11	-2.05702274658e-10
8.32729849876e-11	-1.18076076916e-07
1.24909477481e-10	-1.43074760928e-07
1.66545969975e-10	-4.14183887187e-08
2.08182462469e-10	4.25290686223e-07
2.49818954963e-10	1.64824942317e-06
2.91455447457e-10	4.07474249187e-06
3.3309193995e-10	8.00940813406e-06
3.74728432444e-10	1.296047094e-05
4.16364924938e-10	1.69548166014e-05
4.58001417432e-10	1.5837495539e-05
4.99637909926e-10	3.38899246799e-06
5.4127440242e-10	-2.70727969109e-05
5.82910894913e-10	-7.93570761743e-05
6.24547387407e-10	-0.000149837782374
6.66183879901e-10	-0.000223860570259
7.07820372395e-10	-0.000275709637208
7.49456864889e-10	-0.000274413265288
7.91093357382e-10	-0.000195054402866
8.32729849876e-10	-3.19595878864e-05
8.7436634237e-10	0.000192565625184
9.16002834864e-10	0.000429622792581
9.57639327358e-10	0.000617208541371
9.99275819851e-10	0.00070153051638
1.04091231235e-09	0.000657306140056
1.08254880484e-09	0.000497660133988
1.12418529733e-09	0.000269018753897
1.16582178983e-09	3.3270925087e-05
1.20745828232e-09	-0.000154303761519
1.24909477481e-09	-0.00026187354888
1.29073126731e-09	-0.000286522117676
1.3323677598e-09	-0.000248302549153
1.3740042523e-09	-0.000177755988261
1.41564074479e-09	-0.000103371790829
1.45727723728e-09	-4.37848602814e-05
1.49891372978e-09	-5.99199415774e-06
1.54055022227e-09	1.18505195132e-05
1.58218671476e-09	1.59373942097e-05
1.62382320726e-09	1.28935885186e-05
1.66545969975e-09	7.6334864616e-06
1.70709619225e-09	2.81050586182e-06
1.74873268474e-09	-6.22419975116e-07
1.79036917723e-09	-2.66547550609e-06
1.83200566973e-09	-3.61653678738e-06
1.87364216222e-09	-3.76072318886e-06
1.91527865472e-09	-3.27973418734e-06
1.95691514721e-09	-2.33512281511e-06
1.9985516397e-09	-1.0636576917e-06
2.0401881322e-09	1.89811746765e-07
2.08182462469e-09	1.27845518705e-06
2.12346111718e-09	1.99102350962e-06
2.16509760968e-09	2.25046272817e-06
