% time-domain voltage integration by openEMS v0.37.0-rc1-2-g7b051bb @Sat Jul 11 13:19:45 2026
% start-coordinates: (-0.0104118,0,0.0001) m -> [13,21,4]
% stop-coordinates: (-0.0104118,0,0) m -> [13,21,0]
% t/s	voltage
0	0
6.24711530278e-11	-2.19898912412e-08
1.24942306056e-10	-1.60924429338e-07
1.87413459083e-10	-1.65912325656e-07
2.49884612111e-10	1.66465814466e-08
3.12355765139e-10	7.29562870561e-07
3.74826918167e-10	2.4648080057e-06
4.37298071194e-10	5.78164588205e-06
4.99769224222e-10	1.08822828224e-05
5.6224037725e-10	1.68964138538e-05
6.24711530278e-10	2.09099243875e-05
6.87182683305e-10	1.73245043698e-05
7.49653836333e-10	-1.71742411226e-06
8.12124989361e-10	-4.39460973212e-05
8.74596142389e-10	-0.000112484463898
9.37067295416e-10	-0.000200390048121
9.99538448444e-10	-0.00028691704938
1.06200960147e-09	-0.000338872909197
1.1244807545e-09	-0.000319187151035
1.18695190753e-09	-0.000201560869755
1.24942306056e-09	1.41401530982e-05
1.31189421358e-09	0.000293484590657
1.37436536661e-09	0.00057239466696
1.43683651964e-09	0.000776093074819
1.49930767267e-09	0.000845519753057
1.56177882569e-09	0.000759886796004
1.62424997872e-09	0.000544825976249
1.68672113175e-09	0.000262337402091
1.74919228478e-09	-1.27539594814e-05
1.81166343781e-09	-0.000218903540372
1.87413459083e-09	-0.000325443797919
1.93660574386e-09	-0.000335907963745
1.99907689689e-09	-0.000278519539279
2.06154804992e-09	-0.00019052332209
2.12401920294e-09	-0.000104031214505
2.18649035597e-09	-3.8245813812e-05
2.248961509e-09	1.2113408161e-06
2.31143266203e-09	1.8209067548e-05
2.37390381505e-09	2.06646159313e-05
2.43637496808e-09	1.62463370543e-05
2.49884612111e-09	1.02574392713e-05
2.56131727414e-09	5.34212506409e-06
