% time-domain current integration by openEMS v0.37.0-rc1-2-g7b051bb @Sat Jul 11 13:19:45 2026
% start-coordinates: (0.0100588,-0.000108333,7.5e-05) m -> [71,17,3]
% stop-coordinates: (0.0100588,8.33333e-05,0.0001) m -> [71,24,4]
% t/s	current
3.20036644609e-14	-0
6.25031566922e-11	9.60266154787e-12
1.2497430972e-10	2.4276527455e-09
1.87445462748e-10	3.02938185648e-09
2.49916615776e-10	6.34234609276e-10
3.12387768803e-10	-1.01449764145e-08
3.74858921831e-10	-3.79264832873e-08
4.37330074859e-10	-9.29981780473e-08
4.99801227887e-10	-1.810083603e-07
5.62272380914e-10	-2.90441732886e-07
6.24743533942e-10	-3.75580810896e-07
6.8721468697e-10	-3.42644398188e-07
7.49685839998e-10	-5.32423491961e-08
8.12156993025e-10	6.38910023554e-07
8.74628146053e-10	1.81186760528e-06
9.37099299081e-10	3.37613550982e-06
9.99570452109e-10	4.99691532241e-06
1.06204160514e-09	6.09930884821e-06
1.12451275816e-09	6.00223711444e-06
1.18698391119e-09	4.17180854129e-06
1.24945506422e-09	5.09363417223e-07
1.31192621725e-09	-4.46392459708e-06
1.37439737028e-09	-9.65158051258e-06
1.4368685233e-09	-1.36893031595e-05
1.49933967633e-09	-1.54175140779e-05
1.56181082936e-09	-1.43199213198e-05
1.62428198239e-09	-1.07260857476e-05
1.68675313541e-09	-5.68155064684e-06
1.74922428844e-09	-5.47403146811e-07
1.81169544147e-09	3.48354728885e-06
1.8741665945e-09	5.74512432649e-06
1.93663774753e-09	6.20376476945e-06
1.99910890055e-09	5.31766681888e-06
2.06158005358e-09	3.75909371542e-06
2.12405120661e-09	2.143928441e-06
2.18652235964e-09	8.6611947836e-07
2.24899351266e-09	6.65800499178e-08
2.31146466569e-09	-3.03313356653e-07
2.37393581872e-09	-3.82050529879e-07
2.43640697175e-09	-3.14266969781e-07
2.49887812477e-09	-2.05102324458e-07
2.5613492778e-09	-1.10353688854e-07
