% time-domain current integration by openEMS v0.37.0-rc1-2-g7b051bb @Sat Jul 11 19:22:18 2026
% start-coordinates: (0.00970588,-0.000108333,7.5e-05) m -> [70,17,3]
% stop-coordinates: (0.00970588,8.33333e-05,0.0001) m -> [70,24,4]
% t/s	current
3.20036644609e-14	-0
6.25031566922e-11	2.26911441026e-11
1.2497430972e-10	2.74069855699e-09
1.87445462748e-10	3.25245563815e-09
2.49916615776e-10	3.40306394175e-10
3.12387768803e-10	-1.09846300944e-08
3.74858921831e-10	-3.96319101981e-08
4.37330074859e-10	-9.58916928084e-08
4.99801227887e-10	-1.85033286471e-07
5.62272380914e-10	-2.94593291983e-07
6.24743533942e-10	-3.77262523443e-07
6.8721468697e-10	-3.37349035817e-07
7.49685839998e-10	-3.52700659789e-08
8.12156993025e-10	6.74442048876e-07
8.74628146053e-10	1.86548231795e-06
9.37099299081e-10	3.44017894349e-06
9.99570452109e-10	5.05369325765e-06
1.06204160514e-09	6.12351868767e-06
1.12451275816e-09	5.96870586378e-06
1.18698391119e-09	4.06665049013e-06
1.24945506422e-09	3.39993107445e-07
1.31192621725e-09	-4.66562596557e-06
1.37439737028e-09	-9.83624613582e-06
1.4368685233e-09	-1.38059804158e-05
1.49933967633e-09	-1.54322115122e-05
1.56181082936e-09	-1.42288063216e-05
1.62428198239e-09	-1.05566832644e-05
1.68675313541e-09	-5.48209845874e-06
1.74922428844e-09	-3.68850095356e-07
1.81169544147e-09	3.6044953049e-06
1.8741665945e-09	5.79527295486e-06
1.93663774753e-09	6.19251841272e-06
1.99910890055e-09	5.26804114998e-06
2.06158005358e-09	3.69686404156e-06
2.12405120661e-09	2.08843198379e-06
2.18652235964e-09	8.27306052997e-07
2.24899351266e-09	4.54470132638e-08
2.31146466569e-09	-3.10759645572e-07
2.37393581872e-09	-3.81404589689e-07
2.43640697175e-09	-3.10417192395e-07
2.49887812477e-09	-2.010674649e-07
2.5613492778e-09	-1.0745623058e-07
2.62382043083e-09	-4.63057148181e-08
2.68629158386e-09	-1.40682505645e-08
2.74876273689e-09	-6.30512753119e-10
2.81123388991e-09	3.05056491179e-09
2.87370504294e-09	2.83227130637e-09
2.93617619597e-09	1.28485322382e-09
