% time-domain voltage integration by openEMS v0.37.0-rc1-2-g7b051bb @Sat Jul 11 19:22:18 2026
% start-coordinates: (-0.0100588,0,0.0001) m -> [14,21,4]
% stop-coordinates: (-0.0100588,0,0) m -> [14,21,0]
% t/s	voltage
0	0
6.24711530278e-11	-4.30717497224e-08
1.24942306056e-10	-1.5815238541e-07
1.87413459083e-10	-1.59043054282e-07
2.49884612111e-10	4.30838369425e-08
3.12355765139e-10	7.83237155133e-07
3.74826918167e-10	2.56915518548e-06
4.37298071194e-10	5.94642176566e-06
4.99769224222e-10	1.11028418814e-05
5.6224037725e-10	1.71046331161e-05
6.24711530278e-10	2.09489808185e-05
6.87182683305e-10	1.69373511199e-05
7.49653836333e-10	-2.84029579234e-06
8.12124989361e-10	-4.6041157475e-05
8.74596142389e-10	-0.000115513146739
9.37067295416e-10	-0.000203839117603
9.99538448444e-10	-0.000289732895908
1.06200960147e-09	-0.000339647674991
1.1244807545e-09	-0.000316630976158
1.18695190753e-09	-0.000195115218958
1.24942306056e-09	2.38118714151e-05
1.31189421358e-09	0.000304425717331
1.37436536661e-09	0.000581839194638
1.43683651964e-09	0.000781380906119
1.49930767267e-09	0.000845079892315
1.56177882569e-09	0.000753848886234
1.62424997872e-09	0.000534973820322
1.68672113175e-09	0.000251418747212
1.74919228478e-09	-2.20379483835e-05
1.81166343781e-09	-0.000224772094953
1.87413459083e-09	-0.000327439985995
1.93660574386e-09	-0.000334743213898
1.99907689689e-09	-0.000275534155662
2.06154804992e-09	-0.000187086036021
2.12401920294e-09	-0.000101117895611
2.18649035597e-09	-3.62949376722e-05
2.248961509e-09	2.21097644726e-06
2.31143266203e-09	1.85103026524e-05
2.37390381505e-09	2.05787659979e-05
2.43637496808e-09	1.60254235197e-05
2.49884612111e-09	1.00474737792e-05
2.56131727414e-09	5.19657305631e-06
2.62378842717e-09	2.14232113649e-06
2.68625958019e-09	5.87743258507e-07
2.74873073322e-09	-2.51772549476e-08
2.81120188625e-09	-1.71849617203e-07
2.87367303928e-09	-1.4152642791e-07
2.9361441923e-09	3.50468600807e-08
