% time-domain voltage integration by openEMS v0.37.0-rc1-2-g7b051bb @Sat Jul 11 13:19:45 2026
% start-coordinates: (0.0104118,0,0.0001) m -> [72,21,4]
% stop-coordinates: (0.0104118,0,0) m -> [72,21,0]
% t/s	voltage
0	0
6.24711530278e-11	-3.20078498428e-10
1.24942306056e-10	-1.34660922413e-07
1.87413459083e-10	-1.66801363832e-07
2.49884612111e-10	-4.63751739233e-08
3.12355765139e-10	5.34846066103e-07
3.74826918167e-10	2.03349480898e-06
4.37298071194e-10	5.01384670315e-06
4.99769224222e-10	9.79528999778e-06
5.6224037725e-10	1.57824638336e-05
6.24711530278e-10	2.05180458579e-05
6.87182683305e-10	1.89257434613e-05
7.49653836333e-10	3.45777363009e-06
8.12124989361e-10	-3.39276248269e-05
8.74596142389e-10	-9.76438477664e-05
9.37067295416e-10	-0.000183034528163
9.99538448444e-10	-0.000272055542155
1.06200960147e-09	-0.000333437841618
1.1244807545e-09	-0.000329867907567
1.18695190753e-09	-0.000231761136092
1.24942306056e-09	-3.30734792442e-05
1.31189421358e-09	0.00023839588539
1.37436536661e-09	0.000523121037986
1.43683651964e-09	0.00074642522668
1.49930767267e-09	0.00084426254034
1.56177882569e-09	0.00078741053585
1.62424997872e-09	0.00059294726816
1.68672113175e-09	0.000317505895509
1.74919228478e-09	3.55700740329e-05
1.81166343781e-09	-0.000187066194485
1.87413459083e-09	-0.000313176773489
1.93660574386e-09	-0.000340232109011
1.99907689689e-09	-0.000292895652819
2.06154804992e-09	-0.000207920958928
2.12401920294e-09	-0.000119217856991
2.18649035597e-09	-4.86915614601e-05
2.248961509e-09	-4.32141234796e-06
2.31143266203e-09	1.63754389177e-05
2.37390381505e-09	2.09439090213e-05
2.43637496808e-09	1.73330217876e-05
2.49884612111e-09	1.13640342079e-05
2.56131727414e-09	6.14520024556e-06
