% time-domain current integration by openEMS v0.37.0-rc1-2-g7b051bb @Sat Jul 11 13:19:45 2026
% start-coordinates: (-0.0100588,-0.000108333,7.5e-05) m -> [14,17,3]
% stop-coordinates: (-0.0100588,8.33333e-05,0.0001) m -> [14,24,4]
% t/s	current
3.20036644609e-14	0
6.25031566922e-11	1.06514208564e-09
1.2497430972e-10	2.73417000152e-09
1.87445462748e-10	3.04267144813e-09
2.49916615776e-10	-8.92224627513e-10
3.12387768803e-10	-1.47067931167e-08
3.74858921831e-10	-4.78022847972e-08
4.37330074859e-10	-1.10179016133e-07
4.99801227887e-10	-2.04959277994e-07
5.62272380914e-10	-3.14478086239e-07
6.24743533942e-10	-3.82976907076e-07
6.8721468697e-10	-3.05221874441e-07
7.49685839998e-10	6.37160582073e-08
8.12156993025e-10	8.6276293132e-07
8.74628146053e-10	2.14085639527e-06
9.37099299081e-10	3.75756167159e-06
9.99570452109e-10	5.31874684384e-06
1.06204160514e-09	6.20843411525e-06
1.12451275816e-09	5.75334388486e-06
1.18698391119e-09	3.4942986531e-06
1.24945506422e-09	-5.36189986633e-07
1.31192621725e-09	-5.67240886085e-06
1.37439737028e-09	-1.07211790237e-05
1.4368685233e-09	-1.43202805702e-05
1.49933967633e-09	-1.5422978322e-05
1.56181082936e-09	-1.36986500365e-05
1.62428198239e-09	-9.66298011917e-06
1.68675313541e-09	-4.47540969617e-06
1.74922428844e-09	4.99542636589e-07
1.81169544147e-09	4.16491184296e-06
1.8741665945e-09	5.99873692408e-06
1.93663774753e-09	6.0989486883e-06
1.99910890055e-09	4.99891166328e-06
2.06158005358e-09	3.37941241924e-06
2.12405120661e-09	1.81542804967e-06
2.18652235964e-09	6.42068869183e-07
2.24899351266e-09	-5.08163076063e-08
2.31146466569e-09	-3.4107972624e-07
2.37393581872e-09	-3.74841135908e-07
2.43640697175e-09	-2.90275266934e-07
2.49887812477e-09	-1.81145736633e-07
2.5613492778e-09	-9.32553945177e-08
