% time-domain voltage integration by openEMS v0.37.0-rc1-2-g7b051bb @Sat Jul 11 13:19:45 2026
% start-coordinates: (-0.00970588,0,0.0001) m -> [15,21,4]
% stop-coordinates: (-0.00970588,0,0) m -> [15,21,0]
% t/s	voltage
0	0
6.24711530278e-11	-7.41314067909e-08
1.24942306056e-10	-1.46785055222e-07
1.87413459083e-10	-1.69272603046e-07
2.49884612111e-10	4.89991700547e-08
3.12355765139e-10	8.1886602743e-07
3.74826918167e-10	2.65581479653e-06
4.37298071194e-10	6.10190625139e-06
4.99769224222e-10	1.13224921279e-05
5.6224037725e-10	1.73180733327e-05
6.24711530278e-10	2.09902536881e-05
6.87182683305e-10	1.65348933479e-05
7.49653836333e-10	-4.00465216899e-06
8.12124989361e-10	-4.81930737806e-05
8.74596142389e-10	-0.000118585472592
9.37067295416e-10	-0.000207285898796
9.99538448444e-10	-0.00029248422652
1.06200960147e-09	-0.00034030497045
1.1244807545e-09	-0.000313934695441
1.18695190753e-09	-0.000188543370314
1.24942306056e-09	3.35623399224e-05
1.31189421358e-09	0.000315367637086
1.37436536661e-09	0.000591184973018
1.43683651964e-09	0.000786477263318
1.49930767267e-09	0.000844407099066
1.56177882569e-09	0.000747612473788
1.62424997872e-09	0.00052502300241
1.68672113175e-09	0.000240523302637
1.74919228478e-09	-3.12071724693e-05
1.81166343781e-09	-0.000230493744311
1.87413459083e-09	-0.000329308313667
1.93660574386e-09	-0.000333494586812
1.99907689689e-09	-0.000272511781077
2.06154804992e-09	-0.000183650725376
2.12401920294e-09	-9.82312831184e-05
2.18649035597e-09	-3.43798983522e-05
2.248961509e-09	3.1760500292e-06
2.31143266203e-09	1.87903965525e-05
2.37390381505e-09	2.04876628231e-05
2.43637496808e-09	1.58043615102e-05
2.49884612111e-09	9.83365907814e-06
2.56131727414e-09	5.04671970702e-06
