% time-domain voltage integration by openEMS v0.37.0-rc1-2-g7b051bb @Sat Jul 11 13:19:45 2026
% start-coordinates: (0.00970588,0,0.0001) m -> [70,21,4]
% stop-coordinates: (0.00970588,0,0) m -> [70,21,0]
% t/s	voltage
0	0
6.24711530278e-11	-1.78820350194e-09
1.24942306056e-10	-1.57520023691e-07
1.87413459083e-10	-1.7548039466e-07
2.49884612111e-10	-2.00726351096e-08
3.12355765139e-10	6.14747591499e-07
3.74826918167e-10	2.20309948418e-06
4.37298071194e-10	5.31116415914e-06
4.99769224222e-10	1.0223079471e-05
5.6224037725e-10	1.6226734715e-05
6.24711530278e-10	2.0697878881e-05
6.87182683305e-10	1.83448278221e-05
7.49653836333e-10	1.49717229192e-06
8.12124989361e-10	-3.77906644644e-05
8.74596142389e-10	-0.000103441790998
9.37067295416e-10	-0.000189911137568
9.99538448444e-10	-0.000278077168332
1.06200960147e-09	-0.000335872457072
1.1244807545e-09	-0.000326024077367
1.18695190753e-09	-0.000220191064727
1.24942306056e-09	-1.46333902649e-05
1.31189421358e-09	0.000260209744738
1.37436536661e-09	0.000542938971194
1.43683651964e-09	0.000758728405344
1.49930767267e-09	0.00084540557873
1.56177882569e-09	0.000777060471592
1.62424997872e-09	0.000574181307456
1.68672113175e-09	0.000295629048196
1.74919228478e-09	1.61373714036e-05
1.81166343781e-09	-0.000200104543183
1.87413459083e-09	-0.000318456135574
1.93660574386e-09	-0.000338825237122
1.99907689689e-09	-0.000287347007543
2.06154804992e-09	-0.00020103431234
2.12401920294e-09	-0.000113117674118
2.18649035597e-09	-4.44380821136e-05
2.248961509e-09	-2.02739380484e-06
2.31143266203e-09	1.71695955942e-05
2.37390381505e-09	2.08669439417e-05
2.43637496808e-09	1.69113664015e-05
2.49884612111e-09	1.09239999802e-05
2.56131727414e-09	5.82284258144e-06
