% time-domain current integration by openEMS v0.37.0-rc1-2-g7b051bb @Sat Jul 11 19:22:18 2026
% start-coordinates: (-0.0104118,-0.000108333,7.5e-05) m -> [13,17,3]
% stop-coordinates: (-0.0104118,8.33333e-05,0.0001) m -> [13,24,4]
% t/s	current
3.20036644609e-14	0
6.25031566922e-11	5.83219028627e-10
1.2497430972e-10	2.98797453446e-09
1.87445462748e-10	2.89918355989e-09
2.49916615776e-10	-5.75227310229e-10
3.12387768803e-10	-1.38410314321e-08
3.74858921831e-10	-4.60271643021e-08
4.37330074859e-10	-1.07215747391e-07
4.99801227887e-10	-2.00937876116e-07
5.62272380914e-10	-3.10574904461e-07
6.24743533942e-10	-3.82098392038e-07
6.8721468697e-10	-3.12251756895e-07
7.49685839998e-10	4.28338786662e-08
8.12156993025e-10	8.23560128538e-07
8.74628146053e-10	2.08413439395e-06
9.37099299081e-10	3.69304416381e-06
9.99570452109e-10	5.2660966503e-06
1.06204160514e-09	6.19364163867e-06
1.12451275816e-09	5.80011783313e-06
1.18698391119e-09	3.61293427886e-06
1.24945506422e-09	-3.57745847168e-07
1.31192621725e-09	-5.46997534911e-06
1.37439737028e-09	-1.05456401798e-05
1.4368685233e-09	-1.42208600664e-05
1.49933967633e-09	-1.54288372869e-05
1.56181082936e-09	-1.3807659343e-05
1.62428198239e-09	-9.84238067758e-06
1.68675313541e-09	-4.67473773824e-06
1.74922428844e-09	3.29838286461e-07
1.81169544147e-09	4.05727314501e-06
1.8741665945e-09	5.96158861299e-06
1.93663774753e-09	6.11940504314e-06
1.99910890055e-09	5.05270190843e-06
2.06158005358e-09	3.44158320331e-06
2.12405120661e-09	1.86824490811e-06
2.18652235964e-09	6.77519210512e-07
2.24899351266e-09	-3.26536984119e-08
2.31146466569e-09	-3.35694409159e-07
2.37393581872e-09	-3.763263976e-07
2.43640697175e-09	-2.94231881526e-07
2.49887812477e-09	-1.84991520769e-07
2.5613492778e-09	-9.59854631333e-08
2.62382043083e-09	-3.97743491476e-08
2.68629158386e-09	-1.10475495418e-08
2.74876273689e-09	3.68896135861e-10
2.81123388991e-09	3.10549985727e-09
2.87370504294e-09	2.68808708626e-09
2.93617619597e-09	-4.91060858643e-10
