% time-domain voltage integration by openEMS v0.37.0-rc1-2-g7b051bb @Sat Jul 11 19:22:18 2026
% start-coordinates: (0.0100588,0,0.0001) m -> [71,21,4]
% stop-coordinates: (0.0100588,0,0) m -> [71,21,0]
% t/s	voltage
0	0
6.24711530278e-11	-7.38314728799e-10
1.24942306056e-10	-1.38837293662e-07
1.87413459083e-10	-1.72410544508e-07
2.49884612111e-10	-2.33150698747e-08
3.12355765139e-10	5.78296251774e-07
3.74826918167e-10	2.11987480725e-06
4.37298071194e-10	5.16502802839e-06
4.99769224222e-10	1.00139068309e-05
5.6224037725e-10	1.60106537805e-05
6.24711530278e-10	2.06148638426e-05
6.87182683305e-10	1.86418856174e-05
7.49653836333e-10	2.48674251679e-06
8.12124989361e-10	-3.58460702046e-05
8.74596142389e-10	-0.000100526338429
9.37067295416e-10	-0.000186462129932
9.99538448444e-10	-0.000275078476989
1.06200960147e-09	-0.000334701864631
1.1244807545e-09	-0.000328021822497
1.18695190753e-09	-0.000226056814427
1.24942306056e-09	-2.39068299379e-05
1.31189421358e-09	0.000249299730058
1.37436536661e-09	0.000533081649337
1.43683651964e-09	0.000752669424401
1.49930767267e-09	0.000844941125251
1.56177882569e-09	0.000782329181675
1.62424997872e-09	0.00058361995616
1.68672113175e-09	0.000306575253489
1.74919228478e-09	2.58140235019e-05
1.81166343781e-09	-0.000193656174815
1.87413459083e-09	-0.000315891760692
1.93660574386e-09	-0.000339583508321
1.99907689689e-09	-0.000290146213956
2.06154804992e-09	-0.000204476087674
2.12401920294e-09	-0.000116154002171
2.18649035597e-09	-4.65496486868e-05
2.248961509e-09	-3.15977797527e-06
2.31143266203e-09	1.67856906046e-05
2.37390381505e-09	2.09159347833e-05
2.43637496808e-09	1.71249712366e-05
2.49884612111e-09	1.11386812023e-05
2.56131727414e-09	5.97551911596e-06
2.62378842717e-09	2.58750156945e-06
2.68625958019e-09	7.9372937023e-07
2.74873073322e-09	4.60180702433e-08
2.81120188625e-09	-1.60338988309e-07
2.87367303928e-09	-1.55741677332e-07
2.9361441923e-09	-7.56840448091e-08
